# Number of Epochs,Number of Nodes,Number of Aggregators,Number of Disseminators,Standard Deviation (SUM),Accuracy (SUM),Standard Deviation (AVG),Accuracy (AVG),Standard Deviation (MIN),Accuracy (MIN),Standard Deviation (MAX),Accuracy (MAX),Standard Deviation (COUNT),Accuracy (COUNT),Standard Deviation (SUMSQR),Accuracy (SUMSQR),Standard Deviation (STDDEV),Accuracy (STDDEV),Number of Updates,Number of Exploitations,Number of Duplicates,Number of Inconsistencies,Number of PUSH Messages,Num of PULL Messages,Number of Messages
0,400,20,400,-,-331.5134,-,0.1687,-,0.4294,-,0.0295,-,-399,-,-277.3724,-,0.9232,0.0,0.0,0.0,0.0,0.0,0.0,0.0
1,400,20,400,-,-331.5134,-,0.1687,-,0.4294,-,0.0295,-,-399,-,-277.3724,-,0.9232,0.0,0.0,0.0,0.0,0.0,0.0,0.0
2,400,20,400,-,-331.5134,-,0.1687,-,0.4294,-,0.0295,-,-399,-,-277.3724,-,0.9232,0.0,0.0,0.0,0.0,0.0,0.0,0.0
3,400,20,400,-,-331.5134,-,0.1687,-,0.4294,-,0.0295,-,-399,-,-277.3724,-,0.9232,0.0,0.0,0.0,0.0,0.0,0.0,0.0
4,400,20,400,-,-331.5134,-,0.1687,-,0.4294,-,0.0295,-,-399,-,-277.3724,-,0.9232,0.0,0.0,0.0,0.0,0.0,0.0,0.0
5,400,20,400,-,-331.5134,-,0.1687,-,0.4294,-,0.0295,-,-399,-,-277.3724,-,0.9232,0.0,0.0,0.0,0.0,0.0,0.0,0.0
6,400,20,400,-,-331.5134,-,0.1687,-,0.4294,-,0.0295,-,-399,-,-277.3724,-,0.9232,0.0,0.0,0.0,0.0,0.0,0.0,0.0
7,400,20,400,-,-331.5134,-,0.1687,-,0.4294,-,0.0295,-,-399,-,-277.3724,-,0.9232,0.0,0.0,0.0,0.0,0.0,0.0,0.0
8,400,20,400,-,-331.5134,-,0.1687,-,0.4294,-,0.0295,-,-399,-,-277.3724,-,0.9232,0.0,0.0,0.0,0.0,0.0,0.0,0.0
9,400,20,400,-,-331.5134,-,0.1687,-,0.4294,-,0.0295,-,-399,-,-277.3724,-,0.9232,0.0,0.0,0.0,0.0,0.0,0.0,0.0
10,400,20,400,-,-331.5134,-,0.1687,-,0.4294,-,0.0295,-,-399,-,-277.3724,-,0.9232,0.0,0.0,0.0,0.0,0.0,0.0,0.0
11,400,20,400,-,-331.5134,-,0.1687,-,0.4294,-,0.0295,-,-399,-,-277.3724,-,0.9232,0.0,0.0,0.0,0.0,0.0,0.0,0.0
12,400,20,400,-,-331.5134,-,0.1687,-,0.4294,-,0.0295,-,-399,-,-277.3724,-,0.9232,0.0,0.0,0.0,0.0,0.0,0.0,0.0
13,400,20,400,-,-331.5134,-,0.1687,-,0.4294,-,0.0295,-,-399,-,-277.3724,-,0.9232,0.0,0.0,0.0,0.0,0.0,0.0,0.0
14,400,20,400,0.7273,-331.2305,0.7273,0.4516,0.7273,0.7123,0.7273,0.3124,0.8062,-398.65,0.6615,-277.1427,-,0.9232,0.0,0.0,0.0,0.0,0.0,0.0,0.0
15,400,20,400,0.9114,-315.7394,0.0136,0.9974,0.0679,0.8877,0.026,0.9606,1.0207,-379.95,0.8235,-264.2188,0.0529,0.9889,0.0,361.0,0.0,0.0,377.0,361.0,738.0
16,400,20,400,1.0619,-285.6494,0.0094,0.9992,0.0582,0.9226,0.0131,0.9849,1.1505,-343.8,0.9864,-239.0115,0.0234,0.9902,0.0,723.0,1.0,0.0,717.0,724.0,1441.0
17,400,20,400,0.9101,-257.4857,0.0066,0.9981,0.0593,0.9435,0.0077,0.9899,0.9959,-310.15,0.8378,-215.2894,0.0157,0.9903,0.0,673.0,4.0,0.0,678.0,677.0,1355.0
18,400,20,400,0.9181,-234.725,0.0065,0.9986,0.0546,0.9576,0.0075,0.9915,1.0151,-282.75,0.8377,-196.2464,0.0139,0.9911,0.0,548.0,3.0,0.0,553.0,551.0,1104.0
19,400,20,400,0.9171,-212.9839,0.0054,0.9997,0.0455,0.9681,0.0072,0.9925,1.0098,-256.45,0.84,-178.1296,0.0136,0.9923,0.0,526.0,9.0,0.0,533.0,535.0,1068.0
20,400,20,400,0.8826,-192.3893,0.0047,0.9989,0.0454,0.9693,0.007,0.9927,0.9711,-231.85,0.8091,-160.784,0.0125,0.9918,0.0,492.0,1.0,0.0,500.0,493.0,993.0
21,400,20,400,0.9266,-174.9288,0.0035,0.9993,0.0371,0.9728,0.0067,0.9934,1.0162,-210.8,0.8506,-146.1928,0.0112,0.9922,0.0,421.0,4.0,0.0,419.0,425.0,844.0
22,400,20,400,0.9761,-158.9386,0.0028,0.999,0.0368,0.9757,0.0064,0.9948,1.0725,-191.65,0.8933,-132.7491,0.0108,0.9923,0.0,383.0,6.0,0.0,390.0,389.0,779.0
23,400,20,400,0.9687,-143.9416,0.0024,1,0.0317,0.9791,0.0061,0.9955,1.0575,-173.35,0.8923,-120.3806,0.009,0.9921,0.0,366.0,6.0,0.0,373.0,372.0,745.0
24,400,20,400,0.9983,-128.9751,0.0027,0.9997,0.0231,0.9876,0.0057,0.9957,1.0873,-155.45,0.9205,-107.7684,0.0067,0.9925,0.0,358.0,2.0,0.0,360.0,360.0,720.0
25,400,20,400,0.9427,-116.945,0.0025,0.9996,0.0231,0.9876,0.0049,0.9971,1.0272,-141,0.8696,-97.6912,0.0065,0.9923,0.0,289.0,1.0,0.0,287.0,290.0,577.0
26,400,20,400,0.9276,-105.1651,0.0022,0.9999,0.0235,0.9892,0.0049,0.9974,1.0174,-126.75,0.8494,-87.8734,0.0069,0.9926,0.0,285.0,2.0,0.0,287.0,287.0,574.0
27,400,20,400,0.807,-95.3402,0.0024,0.9997,0.0191,0.9921,0.0034,0.9987,0.8809,-115,0.7427,-79.5987,0.0065,0.9927,0.0,235.0,1.0,0.0,237.0,236.0,473.0
28,400,20,400,0.8222,-86.1945,0.0019,1,0.0191,0.9929,0.0034,0.9987,0.9003,-103.9,0.7544,-72.0061,0.0071,0.9928,0.0,222.0,1.0,0.0,221.0,223.0,444.0
29,400,20,400,0.7351,-77.8077,0.0016,0.9999,0.0191,0.9929,0.002,0.9994,0.8074,-93.85,0.6718,-64.9638,0.0061,0.9927,0.0,201.0,0.0,0.0,202.0,201.0,403.0
30,400,20,400,0.7526,-70.9747,0.0016,0.9997,0.0191,0.9929,0.0014,0.9997,0.8251,-85.7,0.689,-59.2,0.0053,0.9926,0.0,163.0,1.0,0.0,164.0,164.0,328.0
31,400,20,400,0.7358,-64.3817,0.0018,0.9999,0.0096,0.9952,0.0014,0.9997,0.8079,-77.7,0.6726,-53.7256,0.005,0.9927,0.0,160.0,1.0,0.0,160.0,161.0,321.0
32,400,20,400,0.7122,-58.3236,0.0018,0.9998,0.0096,0.9952,0.0014,0.9997,0.7813,-70.45,0.6516,-48.6334,0.005,0.9926,0.0,145.0,1.0,0.0,147.0,146.0,293.0
33,400,20,400,0.6609,-53.7325,0.0017,0.9997,0.0091,0.996,0.0014,0.9997,0.7253,-64.95,0.6044,-44.7689,0.0048,0.9927,0.0,110.0,2.0,0.0,114.0,112.0,226.0
34,400,20,400,0.5908,-48.6929,0.0015,0.9998,0.0091,0.996,0.0014,0.9997,0.6509,-58.85,0.5385,-40.5769,0.0045,0.9927,0.0,122.0,0.0,0.0,120.0,122.0,242.0
35,400,20,400,0.6051,-43.9649,0.0015,0.9997,0.0091,0.996,0.0014,0.9997,0.6668,-53.2,0.5515,-36.5921,0.0039,0.9927,0.0,113.0,1.0,0.0,113.0,114.0,227.0
36,400,20,400,0.5623,-39.9228,0.0015,0.9998,0.0091,0.996,0.0014,0.9997,0.6214,-48.3,0.5116,-33.2293,0.0038,0.9928,0.0,98.0,1.0,0.0,99.0,99.0,198.0
37,400,20,400,0.5627,-36.0101,0.0013,0.9998,0.0091,0.996,0.0014,0.9997,0.6221,-43.6,0.5119,-29.9473,0.0038,0.9929,0.0,94.0,1.0,0.0,95.0,95.0,190.0
38,400,20,400,0.5373,-32.184,0.0013,0.9999,0.0075,0.9976,0.0014,0.9997,0.5914,-38.95,0.491,-26.7658,0.0036,0.9931,0.0,93.0,3.0,0.0,96.0,96.0,192.0
39,400,20,400,0.5419,-29.575,0.0014,0.9999,0.0075,0.9976,0.0014,0.9997,0.5966,-35.75,0.495,-24.6204,0.0034,0.9932,0.0,64.0,0.0,0.0,64.0,64.0,128.0
40,400,20,400,0.5219,-26.9472,0.0013,1,0.0075,0.9976,0.0014,0.9997,0.5714,-32.6,0.4791,-22.4167,0.0032,0.9931,0.0,63.0,0.0,0.0,65.0,63.0,128.0
41,400,20,400,0.5053,-24.8623,0.0012,1,0.0075,0.9976,0.0014,0.9997,0.5529,-30.1,0.4642,-20.6663,0.0033,0.9931,0.0,50.0,0.0,0.0,48.0,50.0,98.0
42,400,20,400,0.4672,-22.9407,0.0013,1,0.0075,0.9976,0,1,0.5108,-27.8,0.4298,-19.0495,0.0033,0.9931,0.0,46.0,0.0,0.0,47.0,46.0,93.0
43,400,20,400,0.433,-20.5996,0.0012,1,0.0075,0.9976,0,1,0.4753,-25,0.3968,-17.0777,0.0035,0.9931,0.0,56.0,0.0,0.0,55.0,56.0,111.0
44,400,20,400,0.391,-18.7195,0.0011,0.9999,0.0075,0.9976,0,1,0.4319,-22.75,0.3565,-15.4967,0.0035,0.9931,0.0,45.0,0.0,0.0,45.0,45.0,90.0
45,400,20,400,0.3627,-16.6779,0.0011,0.9999,0.0063,0.9984,0,1,0.4001,-20.3,0.3311,-13.7833,0.0026,0.9931,0.0,49.0,0.0,0.0,50.0,49.0,99.0
46,400,20,400,0.343,-14.9861,0.0011,1,0.0063,0.9984,0,1,0.3804,-18.25,0.3116,-12.3766,0.0026,0.9931,0.0,41.0,0.0,0.0,40.0,41.0,81.0
47,400,20,400,0.2956,-13.5231,0.0011,0.9999,0.0063,0.9984,0,1,0.3268,-16.5,0.2694,-11.1448,0.0025,0.9931,0.0,35.0,0.0,0.0,35.0,35.0,70.0
48,400,20,400,0.2712,-12.3729,0.001,0.9999,0.0063,0.9984,0,1,0.2995,-15.15,0.2475,-10.1582,0.0025,0.9931,0.0,27.0,1.0,0.0,28.0,28.0,56.0
49,400,20,400,0.2558,-11.2107,0.001,0.9999,0.0063,0.9984,0,1,0.2818,-13.75,0.2343,-9.1856,0.0024,0.9931,0.0,28.0,1.0,0.0,29.0,29.0,58.0
50,400,20,400,0.2499,-9.8273,0.0009,0.9999,0.0063,0.9984,0,1,0.274,-12.05,0.2296,-8.0505,0.0021,0.9932,0.0,34.0,0.0,0.0,34.0,34.0,68.0
51,400,20,400,0.244,-8.6361,0.0008,1,0.0063,0.9984,0,1,0.2658,-10.6,0.2253,-7.0653,0.002,0.9932,0.0,29.0,0.0,0.0,29.0,29.0,58.0
52,400,20,400,0.232,-7.771,0.0008,1,0.0063,0.9984,0,1,0.2521,-9.55,0.215,-6.3479,0.0019,0.9931,0.0,21.0,0.0,0.0,22.0,21.0,43.0
53,400,20,400,0.2256,-6.6464,0.0007,1,0.0063,0.9984,0,1,0.2455,-8.2,0.2086,-5.4047,0.0017,0.9931,0.0,27.0,0.0,0.0,26.0,27.0,53.0
54,400,20,400,0.2118,-5.8272,0.0007,0.9999,0.0063,0.9984,0,1,0.2304,-7.25,0.196,-4.696,0.0016,0.9931,0.0,19.0,2.0,0.0,21.0,21.0,42.0
55,400,20,400,0.1979,-5.0717,0.0006,0.9999,0.0063,0.9984,0,1,0.2149,-6.35,0.1833,-4.0575,0.0016,0.9931,0.0,18.0,1.0,0.0,19.0,19.0,38.0
56,400,20,400,0.1562,-4.4139,0.0006,0.9999,0.0063,0.9984,0,1,0.1683,-5.55,0.1457,-3.5126,0.0016,0.9931,0.0,16.0,0.0,0.0,16.0,16.0,32.0
57,400,20,400,0.1509,-4.1223,0.0005,0.9999,0.0063,0.9984,0,1,0.163,-5.2,0.1405,-3.2678,0.0015,0.9931,0.0,7.0,0.0,0.0,7.0,7.0,14.0
58,400,20,400,0.1353,-3.3638,0.0005,0.9999,0.0063,0.9984,0,1,0.1451,-4.3,0.1268,-2.6254,0.0016,0.9931,0.0,18.0,1.0,0.0,19.0,19.0,38.0
59,400,20,400,0.1313,-2.8682,0.0005,0.9999,0.0046,0.9992,0,1,0.1415,-3.7,0.1226,-2.2111,0.0013,0.9931,0.0,12.0,0.0,0.0,12.0,12.0,24.0
60,400,20,400,0.1155,-2.4523,0.0005,0.9999,0.0046,0.9992,0,1,0.1237,-3.2,0.1082,-1.8612,0.0013,0.9932,0.0,10.0,0.0,0.0,11.0,10.0,21.0
61,400,20,400,0.1143,-2.2431,0.0005,0.9999,0.0046,0.9992,0,1,0.1225,-2.95,0.107,-1.685,0.0013,0.9932,0.0,5.0,0.0,0.0,4.0,5.0,9.0
62,400,20,400,0.0983,-1.9897,0.0004,0.9999,0.0046,0.9992,0,1,0.1069,-2.65,0.0909,-1.4692,0.0013,0.9932,0.0,6.0,0.0,0.0,6.0,6.0,12.0
63,400,20,400,0.0898,-1.6338,0.0004,0.9999,0.0046,0.9992,0,1,0.0986,-2.2,0.0823,-1.1851,0.0012,0.9932,0.0,9.0,0.0,0.0,9.0,9.0,18.0
64,400,20,400,0.084,-1.5128,0.0004,0.9999,0.0046,0.9992,0,1,0.0918,-2.05,0.0774,-1.0868,0.0013,0.9932,0.0,3.0,0.0,0.0,3.0,3.0,6.0
65,400,20,400,0.0806,-1.3491,0.0003,0.9999,0.0046,0.9992,0,1,0.0873,-1.85,0.0748,-0.9511,0.0012,0.9932,0.0,4.0,0.0,0.0,4.0,4.0,8.0
66,400,20,400,0.0716,-1.2173,0.0003,0.9999,0.0046,0.9992,0,1,0.0779,-1.7,0.0663,-0.8354,0.0012,0.9932,0.0,3.0,0.0,0.0,4.0,3.0,7.0
67,400,20,400,0.0589,-1.0536,0.0003,0.9999,0.0046,0.9992,0,1,0.0644,-1.5,0.0545,-0.7006,0.0011,0.9932,0.0,4.0,0.0,0.0,3.0,4.0,7.0
68,400,20,400,0.0541,-0.8722,0.0002,1,0,1,0,1,0.0591,-1.25,0.0501,-0.5659,0.0004,0.9933,0.0,5.0,0.0,0.0,5.0,5.0,10.0
69,400,20,400,0.052,-0.7478,0.0002,1,0,1,0,1,0.0569,-1.1,0.048,-0.4625,0.0004,0.9933,0.0,3.0,0.0,0.0,3.0,3.0,6.0
70,400,20,400,0.0507,-0.6689,0.0002,1,0,1,0,1,0.0549,-1,0.0473,-0.4003,0.0003,0.9933,0.0,2.0,0.0,0.0,2.0,2.0,4.0
71,400,20,400,0.048,-0.5826,0.0002,1,0,1,0,1,0.0523,-0.9,0.0445,-0.3257,0.0004,0.9933,0.0,2.0,0.0,0.0,2.0,2.0,4.0
72,400,20,400,0.0542,-0.4594,0.0002,1,0,1,0,1,0.059,-0.75,0.0502,-0.2244,0.0004,0.9932,0.0,3.0,0.0,0.0,3.0,3.0,6.0
73,400,20,400,0.0525,-0.2395,0.0002,1,0,1,0,1,0.0582,-0.5,0.0477,-0.0305,0.0004,0.9932,0.0,5.0,0.0,0.0,5.0,5.0,10.0
74,400,20,400,0.0447,-0.0341,0.0002,1,0,1,0,1,0.0498,-0.25,0.0405,0.139,0.0003,0.9932,0.0,5.0,0.0,0.0,5.0,5.0,10.0
75,400,20,400,0.0396,0.0918,0.0002,1,0,1,0,1,0.0445,-0.1,0.0356,0.2453,0.0003,0.9932,0.0,3.0,0.0,0.0,3.0,3.0,6.0
76,400,20,400,0.0314,0.1779,0.0002,1,0,1,0,1,0.0354,0,0.0283,0.3195,0.0004,0.9932,0.0,2.0,0.0,0.0,2.0,2.0,4.0
77,400,20,400,0.0329,0.2155,0.0002,1,0,1,0,1,0.037,0.05,0.0297,0.3478,0.0004,0.9932,0.0,1.0,0.0,0.0,1.0,1.0,2.0
78,400,20,400,0.0342,0.2578,0.0002,1,0,1,0,1,0.0384,0.1,0.0308,0.3835,0.0004,0.9932,0.0,1.0,0.0,0.0,1.0,1.0,2.0
79,400,20,400,0.035,0.413,0.0002,1,0,1,0,1,0.0391,0.3,0.0317,0.5041,0.0003,0.9932,0.0,4.0,0.0,0.0,4.0,4.0,8.0
80,400,20,400,0.0355,0.454,0.0002,1,0,1,0,1,0.0396,0.35,0.0323,0.5377,0.0003,0.9932,0.0,1.0,0.0,0.0,1.0,1.0,2.0
81,400,20,400,0.0331,0.5462,0.0002,1,0,1,0,1,0.037,0.45,0.0299,0.6229,0.0003,0.9932,0.0,2.0,0.0,0.0,2.0,2.0,4.0
82,400,20,400,0.0296,0.5899,0.0002,1,0,1,0,1,0.0336,0.5,0.0265,0.661,0.0003,0.9932,0.0,1.0,0.0,0.0,1.0,1.0,2.0
83,400,20,400,0.0293,0.6703,0.0001,1,0,1,0,1,0.0332,0.6,0.0261,0.7268,0.0002,0.9932,0.0,2.0,0.0,0.0,2.0,2.0,4.0
84,400,20,400,0.0258,0.709,0.0001,1,0,1,0,1,0.0286,0.65,0.0235,0.7568,0.0002,0.9932,0.0,1.0,0.0,0.0,1.0,1.0,2.0
85,400,20,400,0.0258,0.709,0.0001,1,0,1,0,1,0.0286,0.65,0.0235,0.7568,0.0002,0.9932,0.0,0.0,0.0,0.0,0.0,0.0,0.0
86,400,20,400,0.0258,0.709,0.0001,1,0,1,0,1,0.0286,0.65,0.0235,0.7568,0.0002,0.9932,0.0,0.0,0.0,0.0,0.0,0.0,0.0
87,400,20,400,0.0258,0.709,0.0001,1,0,1,0,1,0.0286,0.65,0.0235,0.7568,0.0002,0.9932,0.0,0.0,0.0,0.0,0.0,0.0,0.0
88,400,20,400,0.02,0.791,0.0001,1,0,1,0,1,0.0217,0.75,0.0186,0.8241,0.0002,0.9932,0.0,2.0,0.0,0.0,2.0,2.0,4.0
89,400,20,400,0.02,0.791,0.0001,1,0,1,0,1,0.0217,0.75,0.0186,0.8241,0.0002,0.9932,0.0,0.0,0.0,0.0,0.0,0.0,0.0
90,400,20,400,0.02,0.791,0.0001,1,0,1,0,1,0.0217,0.75,0.0186,0.8241,0.0002,0.9932,0.0,0.0,0.0,0.0,0.0,0.0,0.0
91,400,20,400,0.02,0.791,0.0001,1,0,1,0,1,0.0217,0.75,0.0186,0.8241,0.0002,0.9932,0.0,0.0,0.0,0.0,0.0,0.0,0.0
92,400,20,400,0.02,0.791,0.0001,1,0,1,0,1,0.0217,0.75,0.0186,0.8241,0.0002,0.9932,0.0,0.0,0.0,0.0,0.0,0.0,0.0
93,400,20,400,0.0187,0.8299,0.0001,1,0,1,0,1,0.02,0.8,0.0178,0.8543,0.0002,0.9932,0.0,1.0,0.0,0.0,1.0,1.0,2.0
94,400,20,400,0.0168,0.872,0.0001,1,0,1,0,1,0.0179,0.85,0.0161,0.8898,0.0002,0.9932,0.0,1.0,0.0,0.0,1.0,1.0,2.0
95,400,20,400,0.0149,0.9093,0.0001,1,0,1,0,1,0.015,0.9,0.0149,0.9176,0.0002,0.9932,0.0,1.0,0.0,0.0,1.0,1.0,2.0
96,400,20,400,0.0149,0.9093,0.0001,1,0,1,0,1,0.015,0.9,0.0149,0.9176,0.0002,0.9932,0.0,0.0,0.0,0.0,0.0,0.0,0.0
97,400,20,400,0.0149,0.9093,0.0001,1,0,1,0,1,0.015,0.9,0.0149,0.9176,0.0002,0.9932,0.0,0.0,0.0,0.0,0.0,0.0,0.0
98,400,20,400,0.0149,0.9093,0.0001,1,0,1,0,1,0.015,0.9,0.0149,0.9176,0.0002,0.9932,0.0,0.0,0.0,0.0,0.0,0.0,0.0
99,400,20,400,0.0103,0.9569,0,1,0,1,0,1,0.0109,0.95,0.0097,0.9628,0.0001,0.9932,0.0,1.0,0.0,0.0,1.0,1.0,2.0
100,400,20,400,0.0103,0.9569,0,1,0,1,0,1,0.0109,0.95,0.0097,0.9628,0.0001,0.9932,0.0,0.0,0.0,0.0,0.0,0.0,0.0
101,400,20,400,0.0103,0.9569,0,1,0,1,0,1,0.0109,0.95,0.0097,0.9628,0.0001,0.9932,0.0,0.0,0.0,0.0,0.0,0.0,0.0
102,400,20,400,0,1,0,1,0,1,0,1,0,1,0,1,0,0.9932,0.0,1.0,0.0,0.0,1.0,1.0,2.0
103,400,20,400,0,1,0,1,0,1,0,1,0,1,0,1,0,0.9932,0.0,0.0,0.0,0.0,0.0,0.0,0.0
104,400,20,400,0,1,0,1,0,1,0,1,0,1,0,1,0,0.9932,0.0,0.0,0.0,0.0,0.0,0.0,0.0
105,400,20,400,0,1,0,1,0,1,0,1,0,1,0,1,0,0.9932,0.0,0.0,0.0,0.0,0.0,0.0,0.0
106,400,20,400,0,1,0,1,0,1,0,1,0,1,0,1,0,0.9932,0.0,0.0,0.0,0.0,0.0,0.0,0.0
107,400,20,400,0,1,0,1,0,1,0,1,0,1,0,1,0,0.9932,0.0,0.0,0.0,0.0,0.0,0.0,0.0
108,400,20,400,0,1,0,1,0,1,0,1,0,1,0,1,0,0.9932,0.0,0.0,0.0,0.0,0.0,0.0,0.0
109,400,20,400,0,1,0,1,0,1,0,1,0,1,0,1,0,0.9932,0.0,0.0,0.0,0.0,0.0,0.0,0.0
110,400,20,400,0,1,0,1,0,1,0,1,0,1,0,1,0,0.9932,0.0,0.0,0.0,0.0,0.0,0.0,0.0
111,400,20,400,0,1,0,1,0,1,0,1,0,1,0,1,0,0.9932,0.0,0.0,0.0,0.0,0.0,0.0,0.0
112,400,20,400,0,1,0,1,0,1,0,1,0,1,0,1,0,0.9932,0.0,0.0,0.0,0.0,0.0,0.0,0.0
113,400,20,400,0,1,0,1,0,1,0,1,0,1,0,1,0,0.9932,0.0,0.0,0.0,0.0,0.0,0.0,0.0
114,400,20,400,0,1,0,1,0,1,0,1,0,1,0,1,0,0.9932,0.0,0.0,0.0,0.0,0.0,0.0,0.0
115,400,20,400,0,1,0,1,0,1,0,1,0,1,0,1,0,0.9932,0.0,0.0,0.0,0.0,0.0,0.0,0.0
116,400,20,400,0,1,0,1,0,1,0,1,0,1,0,1,0,0.9932,0.0,0.0,0.0,0.0,0.0,0.0,0.0
117,400,20,400,0,1,0,1,0,1,0,1,0,1,0,1,0,0.9932,0.0,0.0,0.0,0.0,0.0,0.0,0.0
118,400,20,400,0,1,0,1,0,1,0,1,0,1,0,1,0,0.9932,0.0,0.0,0.0,0.0,0.0,0.0,0.0
119,400,20,400,0,1,0,1,0,1,0,1,0,1,0,1,0,0.9932,0.0,0.0,0.0,0.0,0.0,0.0,0.0
120,400,20,400,0,1,0,1,0,1,0,1,0,1,0,1,0,0.9932,0.0,0.0,0.0,0.0,0.0,0.0,0.0
121,400,20,400,0,1,0,1,0,1,0,1,0,1,0,1,0,0.9932,0.0,0.0,0.0,0.0,0.0,0.0,0.0
122,400,20,400,0,1,0,1,0,1,0,1,0,1,0,1,0,0.9932,0.0,0.0,0.0,0.0,0.0,0.0,0.0
123,400,20,400,0,1,0,1,0,1,0,1,0,1,0,1,0,0.9932,0.0,0.0,0.0,0.0,0.0,0.0,0.0
124,400,20,400,0,1,0,1,0,1,0,1,0,1,0,1,0,0.9932,0.0,0.0,0.0,0.0,0.0,0.0,0.0
125,400,20,400,0,1,0,1,0,1,0,1,0,1,0,1,0,0.9932,0.0,0.0,0.0,0.0,0.0,0.0,0.0
126,400,20,400,0,1,0,1,0,1,0,1,0,1,0,1,0,0.9932,0.0,0.0,0.0,0.0,0.0,0.0,0.0
127,400,20,400,0,1,0,1,0,1,0,1,0,1,0,1,0,0.9932,0.0,0.0,0.0,0.0,0.0,0.0,0.0
128,400,20,400,0,1,0,1,0,1,0,1,0,1,0,1,0,0.9932,0.0,0.0,0.0,0.0,0.0,0.0,0.0
129,400,20,400,0,1,0,1,0,1,0,1,0,1,0,1,0,0.9932,0.0,0.0,0.0,0.0,0.0,0.0,0.0
130,400,20,400,0,1,0,1,0,1,0,1,0,1,0,1,0,0.9932,0.0,0.0,0.0,0.0,0.0,0.0,0.0
131,400,20,400,0,1,0,1,0,1,0,1,0,1,0,1,0,0.9932,0.0,0.0,0.0,0.0,0.0,0.0,0.0
132,400,20,400,0,1,0,1,0,1,0,1,0,1,0,1,0,0.9932,0.0,0.0,0.0,0.0,0.0,0.0,0.0
133,400,20,400,0,1,0,1,0,1,0,1,0,1,0,1,0,0.9932,0.0,0.0,0.0,0.0,0.0,0.0,0.0
134,400,20,400,0,1,0,1,0,1,0,1,0,1,0,1,0,0.9932,0.0,0.0,0.0,0.0,0.0,0.0,0.0
135,400,20,400,0,1,0,1,0,1,0,1,0,1,0,1,0,0.9932,0.0,0.0,0.0,0.0,0.0,0.0,0.0
136,400,20,400,0,1,0,1,0,1,0,1,0,1,0,1,0,0.9932,0.0,0.0,0.0,0.0,0.0,0.0,0.0
137,400,20,400,0,1,0,1,0,1,0,1,0,1,0,1,0,0.9932,0.0,0.0,0.0,0.0,0.0,0.0,0.0
138,400,20,400,0,1,0,1,0,1,0,1,0,1,0,1,0,0.9932,0.0,0.0,0.0,0.0,0.0,0.0,0.0
139,400,20,400,0,1,0,1,0,1,0,1,0,1,0,1,0,0.9932,0.0,0.0,0.0,0.0,0.0,0.0,0.0
140,400,20,400,0,1,0,1,0,1,0,1,0,1,0,1,0,0.9932,0.0,0.0,0.0,0.0,0.0,0.0,0.0
141,400,20,400,0,1,0,1,0,1,0,1,0,1,0,1,0,0.9932,0.0,0.0,0.0,0.0,0.0,0.0,0.0
142,400,20,400,0,1,0,1,0,1,0,1,0,1,0,1,0,0.9932,0.0,0.0,0.0,0.0,0.0,0.0,0.0
143,400,20,400,0,1,0,1,0,1,0,1,0,1,0,1,0,0.9932,0.0,0.0,0.0,0.0,0.0,0.0,0.0
144,400,20,400,0,1,0,1,0,1,0,1,0,1,0,1,0,0.9932,0.0,0.0,0.0,0.0,0.0,0.0,0.0
145,400,20,400,0,1,0,1,0,1,0,1,0,1,0,1,0,0.9932,0.0,0.0,0.0,0.0,0.0,0.0,0.0
146,400,20,400,0,1,0,1,0,1,0,1,0,1,0,1,0,0.9932,0.0,0.0,0.0,0.0,0.0,0.0,0.0
147,400,20,400,0,1,0,1,0,1,0,1,0,1,0,1,0,0.9932,0.0,0.0,0.0,0.0,0.0,0.0,0.0
148,400,20,400,0,1,0,1,0,1,0,1,0,1,0,1,0,0.9932,0.0,0.0,0.0,0.0,0.0,0.0,0.0
149,400,20,400,0,1,0,1,0,1,0,1,0,1,0,1,0,0.9932,0.0,0.0,0.0,0.0,0.0,0.0,0.0
150,400,20,400,0,1,0,1,0,1,0,1,0,1,0,1,0,0.9932,0.0,0.0,0.0,0.0,0.0,0.0,0.0
151,400,20,400,0,1,0,1,0,1,0,1,0,1,0,1,0,0.9932,0.0,0.0,0.0,0.0,0.0,0.0,0.0
152,400,20,400,0,1,0,1,0,1,0,1,0,1,0,1,0,0.9932,0.0,0.0,0.0,0.0,0.0,0.0,0.0
153,400,20,400,0,1,0,1,0,1,0,1,0,1,0,1,0,0.9932,0.0,0.0,0.0,0.0,0.0,0.0,0.0
154,400,20,400,0,1,0,1,0,1,0,1,0,1,0,1,0,0.9932,0.0,0.0,0.0,0.0,0.0,0.0,0.0
155,400,20,400,0,1,0,1,0,1,0,1,0,1,0,1,0,0.9932,0.0,0.0,0.0,0.0,0.0,0.0,0.0
156,400,20,400,0,1,0,1,0,1,0,1,0,1,0,1,0,0.9932,0.0,0.0,0.0,0.0,0.0,0.0,0.0
157,400,20,400,0,1,0,1,0,1,0,1,0,1,0,1,0,0.9932,0.0,0.0,0.0,0.0,0.0,0.0,0.0
158,400,20,400,0,1,0,1,0,1,0,1,0,1,0,1,0,0.9932,0.0,0.0,0.0,0.0,0.0,0.0,0.0
159,400,20,400,0,1,0,1,0,1,0,1,0,1,0,1,0,0.9932,0.0,0.0,0.0,0.0,0.0,0.0,0.0
160,400,20,400,0,1,0,1,0,1,0,1,0,1,0,1,0,0.9932,0.0,0.0,0.0,0.0,0.0,0.0,0.0
161,400,20,400,0,1,0,1,0,1,0,1,0,1,0,1,0,0.9932,0.0,0.0,0.0,0.0,0.0,0.0,0.0
162,400,20,400,0,1,0,1,0,1,0,1,0,1,0,1,0,0.9932,0.0,0.0,0.0,0.0,0.0,0.0,0.0
163,400,20,400,0,1,0,1,0,1,0,1,0,1,0,1,0,0.9932,0.0,0.0,0.0,0.0,0.0,0.0,0.0
164,400,20,400,0,1,0,1,0,1,0,1,0,1,0,1,0,0.9932,0.0,0.0,0.0,0.0,0.0,0.0,0.0
165,400,20,400,0,1,0,1,0,1,0,1,0,1,0,1,0,0.9932,0.0,0.0,0.0,0.0,0.0,0.0,0.0
166,400,20,400,0,1,0,1,0,1,0,1,0,1,0,1,0,0.9932,0.0,0.0,0.0,0.0,0.0,0.0,0.0
167,400,20,400,0,1,0,1,0,1,0,1,0,1,0,1,0,0.9932,0.0,0.0,0.0,0.0,0.0,0.0,0.0
168,400,20,400,0,1,0,1,0,1,0,1,0,1,0,1,0,0.9932,0.0,0.0,0.0,0.0,0.0,0.0,0.0
169,400,20,400,0,1,0,1,0,1,0,1,0,1,0,1,0,0.9932,0.0,0.0,0.0,0.0,0.0,0.0,0.0
170,400,20,400,0,1,0,1,0,1,0,1,0,1,0,1,0,0.9932,0.0,0.0,0.0,0.0,0.0,0.0,0.0
171,400,20,400,0,1,0,1,0,1,0,1,0,1,0,1,0,0.9932,0.0,0.0,0.0,0.0,0.0,0.0,0.0
172,400,20,400,0,1,0,1,0,1,0,1,0,1,0,1,0,0.9932,0.0,0.0,0.0,0.0,0.0,0.0,0.0
173,400,20,400,0,1,0,1,0,1,0,1,0,1,0,1,0,0.9932,0.0,0.0,0.0,0.0,0.0,0.0,0.0
174,400,20,400,0,1,0,1,0,1,0,1,0,1,0,1,0,0.9932,0.0,0.0,0.0,0.0,0.0,0.0,0.0
175,400,20,400,0,1,0,1,0,1,0,1,0,1,0,1,0,0.9932,0.0,0.0,0.0,0.0,0.0,0.0,0.0
176,400,20,400,0,1,0,1,0,1,0,1,0,1,0,1,0,0.9932,0.0,0.0,0.0,0.0,0.0,0.0,0.0
177,400,20,400,0,1,0,1,0,1,0,1,0,1,0,1,0,0.9932,0.0,0.0,0.0,0.0,0.0,0.0,0.0
178,400,20,400,0,1,0,1,0,1,0,1,0,1,0,1,0,0.9932,0.0,0.0,0.0,0.0,0.0,0.0,0.0
179,400,20,400,0,1,0,1,0,1,0,1,0,1,0,1,0,0.9932,0.0,0.0,0.0,0.0,0.0,0.0,0.0
180,400,20,400,0,1,0,1,0,1,0,1,0,1,0,1,0,0.9932,0.0,0.0,0.0,0.0,0.0,0.0,0.0
181,400,20,400,0,1,0,1,0,1,0,1,0,1,0,1,0,0.9932,0.0,0.0,0.0,0.0,0.0,0.0,0.0
182,400,20,400,0,1,0,1,0,1,0,1,0,1,0,1,0,0.9932,0.0,0.0,0.0,0.0,0.0,0.0,0.0
183,400,20,400,0,1,0,1,0,1,0,1,0,1,0,1,0,0.9932,0.0,0.0,0.0,0.0,0.0,0.0,0.0
184,400,20,400,0,1,0,1,0,1,0,1,0,1,0,1,0,0.9932,0.0,0.0,0.0,0.0,0.0,0.0,0.0
185,400,20,400,0,1,0,1,0,1,0,1,0,1,0,1,0,0.9932,0.0,0.0,0.0,0.0,0.0,0.0,0.0
186,400,20,400,0,1,0,1,0,1,0,1,0,1,0,1,0,0.9932,0.0,0.0,0.0,0.0,0.0,0.0,0.0
187,400,20,400,0,1,0,1,0,1,0,1,0,1,0,1,0,0.9932,0.0,0.0,0.0,0.0,0.0,0.0,0.0
188,400,20,400,0,1,0,1,0,1,0,1,0,1,0,1,0,0.9932,0.0,0.0,0.0,0.0,0.0,0.0,0.0
189,400,20,400,0,1,0,1,0,1,0,1,0,1,0,1,0,0.9932,0.0,0.0,0.0,0.0,0.0,0.0,0.0
190,400,20,400,0,1,0,1,0,1,0,1,0,1,0,1,0,0.9932,0.0,0.0,0.0,0.0,0.0,0.0,0.0
191,400,20,400,0,1,0,1,0,1,0,1,0,1,0,1,0,0.9932,0.0,0.0,0.0,0.0,0.0,0.0,0.0
192,400,20,400,0,1,0,1,0,1,0,1,0,1,0,1,0,0.9932,0.0,0.0,0.0,0.0,0.0,0.0,0.0
193,400,20,400,0,1,0,1,0,1,0,1,0,1,0,1,0,0.9932,0.0,0.0,0.0,0.0,0.0,0.0,0.0
194,400,20,400,0,1,0,1,0,1,0,1,0,1,0,1,0,0.9932,0.0,0.0,0.0,0.0,0.0,0.0,0.0
195,400,20,400,0,1,0,1,0,1,0,1,0,1,0,1,0,0.9932,0.0,0.0,0.0,0.0,0.0,0.0,0.0
196,400,20,400,0,1,0,1,0,1,0,1,0,1,0,1,0,0.9932,0.0,0.0,0.0,0.0,0.0,0.0,0.0
197,400,20,400,0,1,0,1,0,1,0,1,0,1,0,1,0,0.9932,0.0,0.0,0.0,0.0,0.0,0.0,0.0
198,400,20,400,0,1,0,1,0,1,0,1,0,1,0,1,0,0.9932,0.0,0.0,0.0,0.0,0.0,0.0,0.0
199,400,20,400,0.1166,-116.3466,0.0058,0.7066,0.0476,0.9671,0,1,0,1,0.1263,-115.7081,0.0278,0.6746,346.0,0.0,0.0,4.0,350.0,350.0,700.0
200,400,20,400,0.5118,-144.2311,0.0256,0.6369,0.0425,0.9911,0,0.4492,0,1,0.6089,-144.2781,0.0029,0.8341,3248.0,0.0,4.0,11.0,3276.0,3263.0,6539.0
201,400,20,400,0.8095,-75.7236,0.0405,0.8082,0.0282,0.9971,0.3516,0.739,0,1,1.0364,-75.6524,0.0228,0.8636,2072.0,0.0,13.0,10.0,2087.0,2095.0,4182.0
202,400,20,400,0.8069,-53.4729,0.0403,0.8638,0.0179,0.9983,0.3652,0.9007,0,1,1.0787,-53.4698,0.0309,0.8952,664.0,0.0,7.0,1.0,668.0,672.0,1340.0
203,400,20,400,0.7504,-47.8349,0.0375,0.8779,0.0179,0.9983,0.3396,0.9731,0,1,1.0292,-47.831,0.0322,0.9056,171.0,0.0,4.0,0.0,175.0,175.0,350.0
204,400,20,400,0.7068,-42.6087,0.0353,0.891,0.0138,0.999,0.3293,0.9647,0,1,0.9877,-42.6513,0.0332,0.9161,160.0,0.0,2.0,0.0,162.0,162.0,324.0
205,400,20,400,0.6583,-38.694,0.0329,0.9008,0.0138,0.999,0.2909,0.995,0,1,0.9301,-38.766,0.033,0.9247,118.0,0.0,1.0,0.0,118.0,119.0,237.0
206,400,20,400,0.6089,-35.4631,0.0304,0.9088,0.0065,0.9996,0.2814,0.9876,0,1,0.8822,-35.5302,0.0331,0.9324,97.0,0.0,1.0,0.0,100.0,98.0,198.0
207,400,20,400,0.6259,-31.8544,0.0313,0.9179,0.0047,0.9998,0.2725,0.9824,0,1,0.9331,-31.9386,0.0379,0.9419,110.0,0.0,1.0,0.0,112.0,111.0,223.0
208,400,20,400,0.612,-28.5074,0.0306,0.9262,0.0047,0.9998,0.2711,0.9811,0,1,0.9191,-28.5555,0.0386,0.9516,101.0,0.0,2.0,0.0,100.0,103.0,203.0
209,400,20,400,0.5789,-25.4841,0.0289,0.9338,0.0047,0.9998,0.2696,0.9796,0,1,0.8869,-25.5232,0.0395,0.9608,91.0,0.0,0.0,0.0,91.0,91.0,182.0
210,400,20,400,0.5721,-23.5422,0.0286,0.9386,0.0047,0.9998,0.2231,0.9805,0,1,0.8942,-23.5747,0.0418,0.9671,59.0,0.0,1.0,0.0,60.0,60.0,120.0
211,400,20,400,0.5554,-21.4048,0.0278,0.944,0.0047,0.9998,0.0851,0.953,0,1,0.8738,-21.3991,0.0416,0.9746,66.0,0.0,1.0,0.0,67.0,67.0,134.0
212,400,20,400,0.5543,-19.1877,0.0277,0.9495,0.0047,0.9998,0.0848,0.9541,0,1,0.8897,-19.2056,0.0443,0.9825,67.0,0.0,0.0,0.0,67.0,67.0,134.0
213,400,20,400,0.5551,-17.5798,0.0278,0.9536,0.0047,0.9998,0.0848,0.9541,0,1,0.9082,-17.6169,0.0472,0.9886,49.0,0.0,0.0,0.0,49.0,49.0,98.0
214,400,20,400,0.5068,-15.9649,0.0253,0.9576,0.0047,0.9998,0.0486,0.9604,0,1,0.8387,-15.9637,0.0453,0.9951,48.0,0.0,2.0,0.0,50.0,50.0,100.0
215,400,20,400,0.4835,-14.3302,0.0242,0.9617,0.0047,0.9998,0.0486,0.9604,0,1,0.8208,-14.3294,0.0464,0.998,49.0,0.0,0.0,0.0,50.0,49.0,99.0
216,400,20,400,0.462,-12.6149,0.0231,0.966,0.0047,0.9998,0.0486,0.9604,0,1,0.805,-12.6011,0.0483,0.9902,52.0,0.0,0.0,0.0,51.0,52.0,103.0
217,400,20,400,0.4694,-11.3082,0.0235,0.9692,0.0047,0.9998,0.0486,0.9604,0,1,0.84,-11.3013,0.0526,0.9839,41.0,0.0,0.0,0.0,42.0,41.0,83.0
218,400,20,400,0.4406,-10.303,0.022,0.9717,0.0047,0.9998,0.0486,0.9604,0,1,0.7994,-10.2993,0.0515,0.9791,30.0,0.0,1.0,0.0,30.0,31.0,61.0
219,400,20,400,0.3906,-9.2966,0.0195,0.9743,0.0047,0.9998,0.0486,0.9604,0,1,0.7203,-9.2921,0.0482,0.9741,30.0,0.0,0.0,0.0,31.0,30.0,61.0
220,400,20,400,0.3567,-8.2981,0.0178,0.9768,0.0047,0.9998,0.0486,0.9604,0,1,0.6696,-8.3005,0.0475,0.9689,31.0,0.0,0.0,0.0,30.0,31.0,61.0
221,400,20,400,0.3451,-7.3845,0.0173,0.979,0.0047,0.9998,0.0486,0.9604,0,1,0.6539,-7.3703,0.0485,0.9636,28.0,0.0,1.0,0.0,30.0,29.0,59.0
222,400,20,400,0.2793,-6.1083,0.014,0.9822,0.0047,0.9998,0.0486,0.9604,0,1,0.5482,-6.1001,0.0459,0.9563,38.0,0.0,0.0,0.0,38.0,38.0,76.0
223,400,20,400,0.2819,-5.648,0.0141,0.9834,0.0047,0.9998,0.0486,0.9604,0,1,0.5545,-5.6403,0.0471,0.9534,14.0,0.0,2.0,0.0,15.0,16.0,31.0
224,400,20,400,0.297,-5.2777,0.0149,0.9843,0.0047,0.9998,0.0486,0.9604,0,1,0.585,-5.2656,0.0501,0.9509,11.0,0.0,1.0,0.0,12.0,12.0,24.0
225,400,20,400,0.2856,-4.5466,0.0143,0.9861,0.0047,0.9998,0.0486,0.9604,0,1,0.5696,-4.5408,0.0499,0.9461,22.0,0.0,0.0,0.0,22.0,22.0,44.0
226,400,20,400,0.2698,-3.9643,0.0135,0.9876,0.0047,0.9998,0.0486,0.9604,0,1,0.5391,-3.9461,0.0482,0.9421,18.0,0.0,0.0,0.0,18.0,18.0,36.0
227,400,20,400,0.2379,-3.5474,0.0119,0.9886,0.0047,0.9998,0.0505,0.9624,0,1,0.4777,-3.52,0.045,0.9392,13.0,0.0,0.0,0.0,13.0,13.0,26.0
228,400,20,400,0.2414,-3.0607,0.0121,0.9898,0.0047,0.9998,0.0505,0.9624,0,1,0.4915,-3.0389,0.0474,0.9356,14.0,0.0,0.0,0.0,14.0,14.0,28.0
229,400,20,400,0.2032,-2.6495,0.0102,0.9909,0.0047,0.9998,0.0505,0.9624,0,1,0.4177,-2.622,0.042,0.9327,12.0,0.0,1.0,0.0,13.0,13.0,26.0
230,400,20,400,0.2,-2.3427,0.01,0.9916,0.0047,0.9998,0.0505,0.9624,0,1,0.4135,-2.3222,0.0424,0.9303,9.0,0.0,0.0,0.0,10.0,9.0,19.0
231,400,20,400,0.2046,-2.0801,0.0102,0.9923,0.0047,0.9998,0.0505,0.9624,0,1,0.426,-2.0555,0.0442,0.9281,8.0,0.0,0.0,0.0,7.0,8.0,15.0
232,400,20,400,0.1997,-1.7591,0.01,0.9931,0.0047,0.9998,0.0517,0.9651,0,1,0.4224,-1.7272,0.0448,0.9253,10.0,0.0,0.0,0.0,10.0,10.0,20.0
233,400,20,400,0.1687,-1.381,0.0084,0.994,0,1,0.0517,0.9651,0,1,0.3603,-1.3575,0.0397,0.9224,11.0,0.0,0.0,0.0,11.0,11.0,22.0
234,400,20,400,0.1708,-1.1673,0.0085,0.9946,0,1,0.0517,0.9651,0,1,0.3713,-1.1447,0.042,0.9205,6.0,0.0,0.0,0.0,6.0,6.0,12.0
235,400,20,400,0.1534,-0.9198,0.0077,0.9952,0,1,0.0517,0.9651,0,1,0.339,-0.9056,0.0396,0.9185,8.0,0.0,0.0,0.0,8.0,8.0,16.0
236,400,20,400,0.1417,-0.7716,0.0071,0.9956,0,1,0.0517,0.9651,0,1,0.315,-0.7694,0.0372,0.9174,5.0,0.0,0.0,0.0,5.0,5.0,10.0
237,400,20,400,0.1264,-0.5621,0.0063,0.9961,0,1,0.0517,0.9651,0,1,0.2849,-0.5698,0.0354,0.9157,6.0,0.0,0.0,0.0,6.0,6.0,12.0
238,400,20,400,0.127,-0.3988,0.0064,0.9965,0,1,0.0517,0.9651,0,1,0.288,-0.4121,0.0358,0.9142,5.0,0.0,0.0,0.0,5.0,5.0,10.0
239,400,20,400,0.1192,-0.2964,0.006,0.9968,0,1,0.0517,0.9651,0,1,0.2693,-0.3022,0.0338,0.9131,3.0,0.0,0.0,0.0,3.0,3.0,6.0
240,400,20,400,0.1065,-0.2376,0.0053,0.9969,0,1,0.0517,0.9651,0,1,0.2385,-0.2404,0.0306,0.9126,2.0,0.0,0.0,0.0,2.0,2.0,4.0
241,400,20,400,0.1042,-0.1005,0.0052,0.9972,0,1,0.0517,0.9651,0,1,0.2362,-0.0968,0.0307,0.9112,4.0,0.0,0.0,0.0,4.0,4.0,8.0
242,400,20,400,0.0863,0.0333,0.0043,0.9976,0,1,0.0517,0.9651,0,1,0.1951,0.041,0.0263,0.9099,4.0,0.0,0.0,0.0,4.0,4.0,8.0
243,400,20,400,0.0847,0.0993,0.0042,0.9977,0,1,0.0517,0.9651,0,1,0.1906,0.1084,0.0259,0.9092,2.0,0.0,0.0,0.0,2.0,2.0,4.0
244,400,20,400,0.0849,0.2294,0.0042,0.9981,0,1,0.0517,0.9651,0,1,0.1899,0.236,0.0261,0.9079,4.0,0.0,0.0,0.0,4.0,4.0,8.0
245,400,20,400,0.0849,0.2294,0.0042,0.9981,0,1,0.0517,0.9651,0,1,0.1899,0.236,0.0261,0.9079,0.0,0.0,0.0,0.0,0.0,0.0,0.0
246,400,20,400,0.0859,0.4039,0.0043,0.9985,0,1,0.0517,0.9651,0,1,0.1925,0.4065,0.0266,0.9061,5.0,0.0,0.0,0.0,5.0,5.0,10.0
247,400,20,400,0.0859,0.4039,0.0043,0.9985,0,1,0.0517,0.9651,0,1,0.1925,0.4065,0.0266,0.9061,0.0,0.0,0.0,0.0,0.0,0.0,0.0
248,400,20,400,0.0859,0.4039,0.0043,0.9985,0,1,0.0517,0.9651,0,1,0.1925,0.4065,0.0266,0.9061,0.0,0.0,0.0,0.0,0.0,0.0,0.0
249,400,20,400,0.0779,0.4693,0.0039,0.9987,0,1,0.0517,0.9651,0,1,0.1757,0.4713,0.0244,0.9055,2.0,0.0,0.0,0.0,2.0,2.0,4.0
250,400,20,400,0.0647,0.5628,0.0032,0.9989,0,1,0.0517,0.9651,0,1,0.1449,0.569,0.0209,0.9044,3.0,0.0,0.0,0.0,3.0,3.0,6.0
251,400,20,400,0.0647,0.5628,0.0032,0.9989,0,1,0.0517,0.9651,0,1,0.1449,0.569,0.0209,0.9044,0.0,0.0,0.0,0.0,0.0,0.0,0.0
252,400,20,400,0.054,0.5991,0.0027,0.999,0,1,0.0517,0.9651,0,1,0.1199,0.6065,0.0177,0.9041,1.0,0.0,0.0,0.0,1.0,1.0,2.0
253,400,20,400,0.0499,0.6223,0.0025,0.9991,0,1,0.0517,0.9651,0,1,0.1111,0.6275,0.0166,0.9039,1.0,0.0,0.0,0.0,1.0,1.0,2.0
254,400,20,400,0.0499,0.6223,0.0025,0.9991,0,1,0.0517,0.9651,0,1,0.1111,0.6275,0.0166,0.9039,0.0,0.0,0.0,0.0,0.0,0.0,0.0
255,400,20,400,0.0499,0.6223,0.0025,0.9991,0,1,0.0517,0.9651,0,1,0.1111,0.6275,0.0166,0.9039,0.0,0.0,0.0,0.0,0.0,0.0,0.0
256,400,20,400,0.0405,0.7319,0.002,0.9993,0,1,0.0517,0.9651,0,1,0.089,0.7384,0.0135,0.9027,3.0,0.0,0.0,0.0,3.0,3.0,6.0
257,400,20,400,0.0405,0.7319,0.002,0.9993,0,1,0.0517,0.9651,0,1,0.089,0.7384,0.0135,0.9027,0.0,0.0,0.0,0.0,0.0,0.0,0.0
258,400,20,400,0.039,0.7924,0.0019,0.9995,0,1,0.0517,0.9651,0,1,0.0851,0.8,0.0129,0.902,2.0,0.0,0.0,0.0,2.0,2.0,4.0
259,400,20,400,0.039,0.7924,0.0019,0.9995,0,1,0.0517,0.9651,0,1,0.0851,0.8,0.0129,0.902,0.0,0.0,0.0,0.0,0.0,0.0,0.0
260,400,20,400,0.039,0.7924,0.0019,0.9995,0,1,0.0517,0.9651,0,1,0.0851,0.8,0.0129,0.902,0.0,0.0,0.0,0.0,0.0,0.0,0.0
261,400,20,400,0.039,0.7924,0.0019,0.9995,0,1,0.0517,0.9651,0,1,0.0851,0.8,0.0129,0.902,0.0,0.0,0.0,0.0,0.0,0.0,0.0
262,400,20,400,0.039,0.7924,0.0019,0.9995,0,1,0.0517,0.9651,0,1,0.0851,0.8,0.0129,0.902,0.0,0.0,0.0,0.0,0.0,0.0,0.0
263,400,20,400,0.039,0.7924,0.0019,0.9995,0,1,0.0517,0.9651,0,1,0.0851,0.8,0.0129,0.902,0.0,0.0,0.0,0.0,0.0,0.0,0.0
264,400,20,400,0.039,0.7924,0.0019,0.9995,0,1,0.0517,0.9651,0,1,0.0851,0.8,0.0129,0.902,0.0,0.0,0.0,0.0,0.0,0.0,0.0
265,400,20,400,0.0381,0.8202,0.0019,0.9996,0,1,0.0517,0.9651,0,1,0.0838,0.825,0.0127,0.9017,1.0,0.0,0.0,0.0,1.0,1.0,2.0
266,400,20,400,0.0381,0.8202,0.0019,0.9996,0,1,0.0517,0.9651,0,1,0.0838,0.825,0.0127,0.9017,0.0,0.0,0.0,0.0,0.0,0.0,0.0
267,400,20,400,0.0381,0.8202,0.0019,0.9996,0,1,0.0517,0.9651,0,1,0.0838,0.825,0.0127,0.9017,0.0,0.0,0.0,0.0,0.0,0.0,0.0
268,400,20,400,0.0298,0.8978,0.0015,0.9997,0,1,0.0517,0.9651,0,1,0.065,0.9022,0.0099,0.9009,2.0,0.0,0.0,0.0,2.0,2.0,4.0
269,400,20,400,0.0298,0.8978,0.0015,0.9997,0,1,0.0517,0.9651,0,1,0.065,0.9022,0.0099,0.9009,0.0,0.0,0.0,0.0,0.0,0.0,0.0
270,400,20,400,0.0298,0.8978,0.0015,0.9997,0,1,0.0517,0.9651,0,1,0.065,0.9022,0.0099,0.9009,0.0,0.0,0.0,0.0,0.0,0.0,0.0
271,400,20,400,0.0298,0.8978,0.0015,0.9997,0,1,0.0517,0.9651,0,1,0.065,0.9022,0.0099,0.9009,0.0,0.0,0.0,0.0,0.0,0.0,0.0
272,400,20,400,0.0298,0.8978,0.0015,0.9997,0,1,0.0517,0.9651,0,1,0.065,0.9022,0.0099,0.9009,0.0,0.0,0.0,0.0,0.0,0.0,0.0
273,400,20,400,0.023,0.937,0.0012,0.9998,0,1,0.0517,0.9651,0,1,0.0452,0.9446,0.0066,0.9004,1.0,0.0,0.0,0.0,1.0,1.0,2.0
274,400,20,400,0.023,0.937,0.0012,0.9998,0,1,0.0517,0.9651,0,1,0.0452,0.9446,0.0066,0.9004,0.0,0.0,0.0,0.0,0.0,0.0,0.0
275,400,20,400,0.023,0.937,0.0012,0.9998,0,1,0.0517,0.9651,0,1,0.0452,0.9446,0.0066,0.9004,0.0,0.0,0.0,0.0,0.0,0.0,0.0
276,400,20,400,0.023,0.937,0.0012,0.9998,0,1,0.0517,0.9651,0,1,0.0452,0.9446,0.0066,0.9004,0.0,0.0,0.0,0.0,0.0,0.0,0.0
277,400,20,400,0.023,0.937,0.0012,0.9998,0,1,0.0517,0.9651,0,1,0.0452,0.9446,0.0066,0.9004,0.0,0.0,0.0,0.0,0.0,0.0,0.0
278,400,20,400,0.023,0.937,0.0012,0.9998,0,1,0.0517,0.9651,0,1,0.0452,0.9446,0.0066,0.9004,0.0,0.0,0.0,0.0,0.0,0.0,0.0
279,400,20,400,0.023,0.937,0.0012,0.9998,0,1,0.0517,0.9651,0,1,0.0452,0.9446,0.0066,0.9004,0.0,0.0,0.0,0.0,0.0,0.0,0.0
280,400,20,400,0.023,0.937,0.0012,0.9998,0,1,0.0517,0.9651,0,1,0.0452,0.9446,0.0066,0.9004,0.0,0.0,0.0,0.0,0.0,0.0,0.0
281,400,20,400,0.023,0.937,0.0012,0.9998,0,1,0.0517,0.9651,0,1,0.0452,0.9446,0.0066,0.9004,0.0,0.0,0.0,0.0,0.0,0.0,0.0
282,400,20,400,0.023,0.937,0.0012,0.9998,0,1,0.0517,0.9651,0,1,0.0452,0.9446,0.0066,0.9004,0.0,0.0,0.0,0.0,0.0,0.0,0.0
283,400,20,400,0.023,0.937,0.0012,0.9998,0,1,0.0517,0.9651,0,1,0.0452,0.9446,0.0066,0.9004,0.0,0.0,0.0,0.0,0.0,0.0,0.0
284,400,20,400,0.023,0.937,0.0012,0.9998,0,1,0.0517,0.9651,0,1,0.0452,0.9446,0.0066,0.9004,0.0,0.0,0.0,0.0,0.0,0.0,0.0
285,400,20,400,0.023,0.937,0.0012,0.9998,0,1,0.0517,0.9651,0,1,0.0452,0.9446,0.0066,0.9004,0.0,0.0,0.0,0.0,0.0,0.0,0.0
286,400,20,400,0.023,0.937,0.0012,0.9998,0,1,0.0517,0.9651,0,1,0.0452,0.9446,0.0066,0.9004,0.0,0.0,0.0,0.0,0.0,0.0,0.0
287,400,20,400,0.0177,0.9666,0.0009,0.9999,0,1,0.0517,0.9651,0,1,0.0334,0.9719,0.0047,0.9001,1.0,0.0,0.0,0.0,1.0,1.0,2.0
288,400,20,400,0.0177,0.9666,0.0009,0.9999,0,1,0.0517,0.9651,0,1,0.0334,0.9719,0.0047,0.9001,0.0,0.0,0.0,0.0,0.0,0.0,0.0
289,400,20,400,0.0177,0.9666,0.0009,0.9999,0,1,0.0517,0.9651,0,1,0.0334,0.9719,0.0047,0.9001,0.0,0.0,0.0,0.0,0.0,0.0,0.0
290,400,20,400,0.0177,0.9666,0.0009,0.9999,0,1,0.0517,0.9651,0,1,0.0334,0.9719,0.0047,0.9001,0.0,0.0,0.0,0.0,0.0,0.0,0.0
291,400,20,400,0.0177,0.9666,0.0009,0.9999,0,1,0.0517,0.9651,0,1,0.0334,0.9719,0.0047,0.9001,0.0,0.0,0.0,0.0,0.0,0.0,0.0
292,400,20,400,0.0177,0.9666,0.0009,0.9999,0,1,0.0517,0.9651,0,1,0.0334,0.9719,0.0047,0.9001,0.0,0.0,0.0,0.0,0.0,0.0,0.0
293,400,20,400,0.0177,0.9666,0.0009,0.9999,0,1,0.0517,0.9651,0,1,0.0334,0.9719,0.0047,0.9001,0.0,0.0,0.0,0.0,0.0,0.0,0.0
294,400,20,400,0.0177,0.9666,0.0009,0.9999,0,1,0.0517,0.9651,0,1,0.0334,0.9719,0.0047,0.9001,0.0,0.0,0.0,0.0,0.0,0.0,0.0
295,400,20,400,0.0177,0.9666,0.0009,0.9999,0,1,0.0517,0.9651,0,1,0.0334,0.9719,0.0047,0.9001,0.0,0.0,0.0,0.0,0.0,0.0,0.0
296,400,20,400,0.0177,0.9666,0.0009,0.9999,0,1,0.0517,0.9651,0,1,0.0334,0.9719,0.0047,0.9001,0.0,0.0,0.0,0.0,0.0,0.0,0.0
297,400,20,400,0.0177,0.9666,0.0009,0.9999,0,1,0.0517,0.9651,0,1,0.0334,0.9719,0.0047,0.9001,0.0,0.0,0.0,0.0,0.0,0.0,0.0
298,400,20,400,0.0177,0.9666,0.0009,0.9999,0,1,0.0517,0.9651,0,1,0.0334,0.9719,0.0047,0.9001,0.0,0.0,0.0,0.0,0.0,0.0,0.0
299,400,20,400,0.0177,0.9666,0.0009,0.9999,0,1,0.0517,0.9651,0,1,0.0334,0.9719,0.0047,0.9001,0.0,0.0,0.0,0.0,0.0,0.0,0.0
300,400,20,400,0.0177,0.9666,0.0009,0.9999,0,1,0.0517,0.9651,0,1,0.0334,0.9719,0.0047,0.9001,0.0,0.0,0.0,0.0,0.0,0.0,0.0
301,400,20,400,0.0177,0.9666,0.0009,0.9999,0,1,0.0517,0.9651,0,1,0.0334,0.9719,0.0047,0.9001,0.0,0.0,0.0,0.0,0.0,0.0,0.0
302,400,20,400,0.0177,0.9666,0.0009,0.9999,0,1,0.0517,0.9651,0,1,0.0334,0.9719,0.0047,0.9001,0.0,0.0,0.0,0.0,0.0,0.0,0.0
303,400,20,400,0,1,0,1,0,1,0.0517,0.9651,0,1,0,1,0,0.8998,1.0,0.0,0.0,0.0,1.0,1.0,2.0
304,400,20,400,0,1,0,1,0,1,0.0517,0.9651,0,1,0,1,0,0.8998,0.0,0.0,0.0,0.0,0.0,0.0,0.0
305,400,20,400,0,1,0,1,0,1,0.0517,0.9651,0,1,0,1,0,0.8998,0.0,0.0,0.0,0.0,0.0,0.0,0.0
306,400,20,400,0,1,0,1,0,1,0.0517,0.9651,0,1,0,1,0,0.8998,0.0,0.0,0.0,0.0,0.0,0.0,0.0
307,400,20,400,0,1,0,1,0,1,0.0517,0.9651,0,1,0,1,0,0.8998,0.0,0.0,0.0,0.0,0.0,0.0,0.0
308,400,20,400,0,1,0,1,0,1,0.0517,0.9651,0,1,0,1,0,0.8998,0.0,0.0,0.0,0.0,0.0,0.0,0.0
309,400,20,400,0,1,0,1,0,1,0.0517,0.9651,0,1,0,1,0,0.8998,0.0,0.0,0.0,0.0,0.0,0.0,0.0
310,400,20,400,0,1,0,1,0,1,0.0517,0.9651,0,1,0,1,0,0.8998,0.0,0.0,0.0,0.0,0.0,0.0,0.0
311,400,20,400,0,1,0,1,0,1,0.0517,0.9651,0,1,0,1,0,0.8998,0.0,0.0,0.0,0.0,0.0,0.0,0.0
312,400,20,400,0,1,0,1,0,1,0.0517,0.9651,0,1,0,1,0,0.8998,0.0,0.0,0.0,0.0,0.0,0.0,0.0
313,400,20,400,0,1,0,1,0,1,0.0517,0.9651,0,1,0,1,0,0.8998,0.0,0.0,0.0,0.0,0.0,0.0,0.0
314,400,20,400,0,1,0,1,0,1,0.0517,0.9651,0,1,0,1,0,0.8998,0.0,0.0,0.0,0.0,0.0,0.0,0.0
315,400,20,400,0,1,0,1,0,1,0.0517,0.9651,0,1,0,1,0,0.8998,0.0,0.0,0.0,0.0,0.0,0.0,0.0
316,400,20,400,0,1,0,1,0,1,0.0517,0.9651,0,1,0,1,0,0.8998,0.0,0.0,0.0,0.0,0.0,0.0,0.0
317,400,20,400,0,1,0,1,0,1,0.0517,0.9651,0,1,0,1,0,0.8998,0.0,0.0,0.0,0.0,0.0,0.0,0.0
318,400,20,400,0,1,0,1,0,1,0.0517,0.9651,0,1,0,1,0,0.8998,0.0,0.0,0.0,0.0,0.0,0.0,0.0
319,400,20,400,0,1,0,1,0,1,0.0517,0.9651,0,1,0,1,0,0.8998,0.0,0.0,0.0,0.0,0.0,0.0,0.0
320,400,20,400,0,1,0,1,0,1,0.0517,0.9651,0,1,0,1,0,0.8998,0.0,0.0,0.0,0.0,0.0,0.0,0.0
321,400,20,400,0,1,0,1,0,1,0.0517,0.9651,0,1,0,1,0,0.8998,0.0,0.0,0.0,0.0,0.0,0.0,0.0
322,400,20,400,0,1,0,1,0,1,0.0517,0.9651,0,1,0,1,0,0.8998,0.0,0.0,0.0,0.0,0.0,0.0,0.0
323,400,20,400,0,1,0,1,0,1,0.0517,0.9651,0,1,0,1,0,0.8998,0.0,0.0,0.0,0.0,0.0,0.0,0.0
324,400,20,400,0,1,0,1,0,1,0.0517,0.9651,0,1,0,1,0,0.8998,0.0,0.0,0.0,0.0,0.0,0.0,0.0
325,400,20,400,0,1,0,1,0,1,0.0517,0.9651,0,1,0,1,0,0.8998,0.0,0.0,0.0,0.0,0.0,0.0,0.0
326,400,20,400,0,1,0,1,0,1,0.0517,0.9651,0,1,0,1,0,0.8998,0.0,0.0,0.0,0.0,0.0,0.0,0.0
327,400,20,400,0,1,0,1,0,1,0.0517,0.9651,0,1,0,1,0,0.8998,0.0,0.0,0.0,0.0,0.0,0.0,0.0
328,400,20,400,0,1,0,1,0,1,0.0517,0.9651,0,1,0,1,0,0.8998,0.0,0.0,0.0,0.0,0.0,0.0,0.0
329,400,20,400,0,1,0,1,0,1,0.0517,0.9651,0,1,0,1,0,0.8998,0.0,0.0,0.0,0.0,0.0,0.0,0.0
330,400,20,400,0,1,0,1,0,1,0.0517,0.9651,0,1,0,1,0,0.8998,0.0,0.0,0.0,0.0,0.0,0.0,0.0
331,400,20,400,0,1,0,1,0,1,0.0517,0.9651,0,1,0,1,0,0.8998,0.0,0.0,0.0,0.0,0.0,0.0,0.0
332,400,20,400,0,1,0,1,0,1,0.0517,0.9651,0,1,0,1,0,0.8998,0.0,0.0,0.0,0.0,0.0,0.0,0.0
333,400,20,400,0,1,0,1,0,1,0.0517,0.9651,0,1,0,1,0,0.8998,0.0,0.0,0.0,0.0,0.0,0.0,0.0
334,400,20,400,0,1,0,1,0,1,0.0517,0.9651,0,1,0,1,0,0.8998,0.0,0.0,0.0,0.0,0.0,0.0,0.0
335,400,20,400,0,1,0,1,0,1,0.0517,0.9651,0,1,0,1,0,0.8998,0.0,0.0,0.0,0.0,0.0,0.0,0.0
336,400,20,400,0,1,0,1,0,1,0.0517,0.9651,0,1,0,1,0,0.8998,0.0,0.0,0.0,0.0,0.0,0.0,0.0
337,400,20,400,0,1,0,1,0,1,0.0517,0.9651,0,1,0,1,0,0.8998,0.0,0.0,0.0,0.0,0.0,0.0,0.0
338,400,20,400,0,1,0,1,0,1,0.0517,0.9651,0,1,0,1,0,0.8998,0.0,0.0,0.0,0.0,0.0,0.0,0.0
339,400,20,400,0,1,0,1,0,1,0.0517,0.9651,0,1,0,1,0,0.8998,0.0,0.0,0.0,0.0,0.0,0.0,0.0
340,400,20,400,0,1,0,1,0,1,0.0517,0.9651,0,1,0,1,0,0.8998,0.0,0.0,0.0,0.0,0.0,0.0,0.0
341,400,20,400,0,1,0,1,0,1,0.0517,0.9651,0,1,0,1,0,0.8998,0.0,0.0,0.0,0.0,0.0,0.0,0.0
342,400,20,400,0,1,0,1,0,1,0.0517,0.9651,0,1,0,1,0,0.8998,0.0,0.0,0.0,0.0,0.0,0.0,0.0
343,400,20,400,0,1,0,1,0,1,0.0517,0.9651,0,1,0,1,0,0.8998,0.0,0.0,0.0,0.0,0.0,0.0,0.0
344,400,20,400,0,1,0,1,0,1,0.0517,0.9651,0,1,0,1,0,0.8998,0.0,0.0,0.0,0.0,0.0,0.0,0.0
345,400,20,400,0,1,0,1,0,1,0.0517,0.9651,0,1,0,1,0,0.8998,0.0,0.0,0.0,0.0,0.0,0.0,0.0
346,400,20,400,0,1,0,1,0,1,0.0517,0.9651,0,1,0,1,0,0.8998,0.0,0.0,0.0,0.0,0.0,0.0,0.0
347,400,20,400,0,1,0,1,0,1,0.0517,0.9651,0,1,0,1,0,0.8998,0.0,0.0,0.0,0.0,0.0,0.0,0.0
348,400,20,400,0,1,0,1,0,1,0.0517,0.9651,0,1,0,1,0,0.8998,0.0,0.0,0.0,0.0,0.0,0.0,0.0
349,400,20,400,0,1,0,1,0,1,0.0517,0.9651,0,1,0,1,0,0.8998,0.0,0.0,0.0,0.0,0.0,0.0,0.0
350,400,20,400,0,1,0,1,0,1,0.0517,0.9651,0,1,0,1,0,0.8998,0.0,0.0,0.0,0.0,0.0,0.0,0.0
351,400,20,400,0,1,0,1,0,1,0.0517,0.9651,0,1,0,1,0,0.8998,0.0,0.0,0.0,0.0,0.0,0.0,0.0
352,400,20,400,0,1,0,1,0,1,0.0517,0.9651,0,1,0,1,0,0.8998,0.0,0.0,0.0,0.0,0.0,0.0,0.0
353,400,20,400,0,1,0,1,0,1,0.0517,0.9651,0,1,0,1,0,0.8998,0.0,0.0,0.0,0.0,0.0,0.0,0.0
354,400,20,400,0,1,0,1,0,1,0.0517,0.9651,0,1,0,1,0,0.8998,0.0,0.0,0.0,0.0,0.0,0.0,0.0
355,400,20,400,0,1,0,1,0,1,0.0517,0.9651,0,1,0,1,0,0.8998,0.0,0.0,0.0,0.0,0.0,0.0,0.0
356,400,20,400,0,1,0,1,0,1,0.0517,0.9651,0,1,0,1,0,0.8998,0.0,0.0,0.0,0.0,0.0,0.0,0.0
357,400,20,400,0,1,0,1,0,1,0.0517,0.9651,0,1,0,1,0,0.8998,0.0,0.0,0.0,0.0,0.0,0.0,0.0
358,400,20,400,0,1,0,1,0,1,0.0517,0.9651,0,1,0,1,0,0.8998,0.0,0.0,0.0,0.0,0.0,0.0,0.0
359,400,20,400,0,1,0,1,0,1,0.0517,0.9651,0,1,0,1,0,0.8998,0.0,0.0,0.0,0.0,0.0,0.0,0.0
360,400,20,400,0,1,0,1,0,1,0.0517,0.9651,0,1,0,1,0,0.8998,0.0,0.0,0.0,0.0,0.0,0.0,0.0
361,400,20,400,0,1,0,1,0,1,0.0517,0.9651,0,1,0,1,0,0.8998,0.0,0.0,0.0,0.0,0.0,0.0,0.0
362,400,20,400,0,1,0,1,0,1,0.0517,0.9651,0,1,0,1,0,0.8998,0.0,0.0,0.0,0.0,0.0,0.0,0.0
363,400,20,400,0,1,0,1,0,1,0.0517,0.9651,0,1,0,1,0,0.8998,0.0,0.0,0.0,0.0,0.0,0.0,0.0
364,400,20,400,0,1,0,1,0,1,0.0517,0.9651,0,1,0,1,0,0.8998,0.0,0.0,0.0,0.0,0.0,0.0,0.0
365,400,20,400,0,1,0,1,0,1,0.0517,0.9651,0,1,0,1,0,0.8998,0.0,0.0,0.0,0.0,0.0,0.0,0.0
366,400,20,400,0,1,0,1,0,1,0.0517,0.9651,0,1,0,1,0,0.8998,0.0,0.0,0.0,0.0,0.0,0.0,0.0
367,400,20,400,0,1,0,1,0,1,0.0517,0.9651,0,1,0,1,0,0.8998,0.0,0.0,0.0,0.0,0.0,0.0,0.0
368,400,20,400,0,1,0,1,0,1,0.0517,0.9651,0,1,0,1,0,0.8998,0.0,0.0,0.0,0.0,0.0,0.0,0.0
369,400,20,400,0,1,0,1,0,1,0.0517,0.9651,0,1,0,1,0,0.8998,0.0,0.0,0.0,0.0,0.0,0.0,0.0
370,400,20,400,0,1,0,1,0,1,0.0517,0.9651,0,1,0,1,0,0.8998,0.0,0.0,0.0,0.0,0.0,0.0,0.0
371,400,20,400,0,1,0,1,0,1,0.0517,0.9651,0,1,0,1,0,0.8998,0.0,0.0,0.0,0.0,0.0,0.0,0.0
372,400,20,400,0,1,0,1,0,1,0.0517,0.9651,0,1,0,1,0,0.8998,0.0,0.0,0.0,0.0,0.0,0.0,0.0
373,400,20,400,0,1,0,1,0,1,0.0517,0.9651,0,1,0,1,0,0.8998,0.0,0.0,0.0,0.0,0.0,0.0,0.0
374,400,20,400,0,1,0,1,0,1,0.0517,0.9651,0,1,0,1,0,0.8998,0.0,0.0,0.0,0.0,0.0,0.0,0.0
375,400,20,400,0,1,0,1,0,1,0.0517,0.9651,0,1,0,1,0,0.8998,0.0,0.0,0.0,0.0,0.0,0.0,0.0
376,400,20,400,0,1,0,1,0,1,0.0517,0.9651,0,1,0,1,0,0.8998,0.0,0.0,0.0,0.0,0.0,0.0,0.0
377,400,20,400,0,1,0,1,0,1,0.0517,0.9651,0,1,0,1,0,0.8998,0.0,0.0,0.0,0.0,0.0,0.0,0.0
378,400,20,400,0,1,0,1,0,1,0.0517,0.9651,0,1,0,1,0,0.8998,0.0,0.0,0.0,0.0,0.0,0.0,0.0
379,400,20,400,0,1,0,1,0,1,0.0517,0.9651,0,1,0,1,0,0.8998,0.0,0.0,0.0,0.0,0.0,0.0,0.0
380,400,20,400,0,1,0,1,0,1,0.0517,0.9651,0,1,0,1,0,0.8998,0.0,0.0,0.0,0.0,0.0,0.0,0.0
381,400,20,400,0,1,0,1,0,1,0.0517,0.9651,0,1,0,1,0,0.8998,0.0,0.0,0.0,0.0,0.0,0.0,0.0
382,400,20,400,0,1,0,1,0,1,0.0517,0.9651,0,1,0,1,0,0.8998,0.0,0.0,0.0,0.0,0.0,0.0,0.0
383,400,20,400,0,1,0,1,0,1,0.0517,0.9651,0,1,0,1,0,0.8998,0.0,0.0,0.0,0.0,0.0,0.0,0.0
384,400,20,400,0,1,0,1,0,1,0.0517,0.9651,0,1,0,1,0,0.8998,0.0,0.0,0.0,0.0,0.0,0.0,0.0
385,400,20,400,0,1,0,1,0,1,0.0517,0.9651,0,1,0,1,0,0.8998,0.0,0.0,0.0,0.0,0.0,0.0,0.0
386,400,20,400,0,1,0,1,0,1,0.0517,0.9651,0,1,0,1,0,0.8998,0.0,0.0,0.0,0.0,0.0,0.0,0.0
387,400,20,400,0,1,0,1,0,1,0.0517,0.9651,0,1,0,1,0,0.8998,0.0,0.0,0.0,0.0,0.0,0.0,0.0
388,400,20,400,0,1,0,1,0,1,0.0517,0.9651,0,1,0,1,0,0.8998,0.0,0.0,0.0,0.0,0.0,0.0,0.0
389,400,20,400,0,1,0,1,0,1,0.0517,0.9651,0,1,0,1,0,0.8998,0.0,0.0,0.0,0.0,0.0,0.0,0.0
390,400,20,400,0,1,0,1,0,1,0.0517,0.9651,0,1,0,1,0,0.8998,0.0,0.0,0.0,0.0,0.0,0.0,0.0
391,400,20,400,0,1,0,1,0,1,0.0517,0.9651,0,1,0,1,0,0.8998,0.0,0.0,0.0,0.0,0.0,0.0,0.0
392,400,20,400,0,1,0,1,0,1,0.0517,0.9651,0,1,0,1,0,0.8998,0.0,0.0,0.0,0.0,0.0,0.0,0.0
393,400,20,400,0,1,0,1,0,1,0.0517,0.9651,0,1,0,1,0,0.8998,0.0,0.0,0.0,0.0,0.0,0.0,0.0
394,400,20,400,0,1,0,1,0,1,0.0517,0.9651,0,1,0,1,0,0.8998,0.0,0.0,0.0,0.0,0.0,0.0,0.0
395,400,20,400,0,1,0,1,0,1,0.0517,0.9651,0,1,0,1,0,0.8998,0.0,0.0,0.0,0.0,0.0,0.0,0.0
396,400,20,400,0,1,0,1,0,1,0.0517,0.9651,0,1,0,1,0,0.8998,0.0,0.0,0.0,0.0,0.0,0.0,0.0
397,400,20,400,0,1,0,1,0,1,0.0517,0.9651,0,1,0,1,0,0.8998,0.0,0.0,0.0,0.0,0.0,0.0,0.0
398,400,20,400,0,1,0,1,0,1,0.0517,0.9651,0,1,0,1,0,0.8998,0.0,0.0,0.0,0.0,0.0,0.0,0.0
399,400,20,400,0.2805,-73.51,0.014,0.8137,0,1,0.0231,0.987,0,1,0.4312,-62.035,0.0238,0.7472,745.0,0.0,1.0,0.0,746.0,746.0,1492.0
400,400,20,400,0.4854,-106.3845,0.0243,0.7315,0.3507,0.9319,0.0035,0.9985,0,1,0.543,-90.6697,0.0053,0.8814,2876.0,0.0,3.0,0.0,2913.0,2879.0,5792.0
401,400,20,400,0.4721,-55.9551,0.0236,0.8576,0.2901,0.9766,0.0007,0.9997,0,1,0.5184,-47.7378,0.0148,0.8987,2075.0,0.0,16.0,0.0,2069.0,2091.0,4160.0
402,400,20,400,0.4162,-40.4426,0.0208,0.8964,0.274,0.9944,0.0007,0.9997,0,1,0.4541,-34.4762,0.0194,0.9174,620.0,0.0,7.0,0.0,616.0,627.0,1243.0
403,400,20,400,0.4047,-36.2087,0.0202,0.907,0.2582,0.9764,0.0007,0.9997,0,1,0.443,-30.8651,0.0203,0.924,173.0,0.0,1.0,0.0,175.0,174.0,349.0
404,400,20,400,0.3893,-32.7191,0.0195,0.9157,0.2384,0.991,0.0006,0.9997,0,1,0.4227,-27.8885,0.0217,0.93,139.0,0.0,0.0,0.0,137.0,139.0,276.0
405,400,20,400,0.3717,-29.4961,0.0186,0.9238,0.2384,0.991,0.0006,0.9997,0,1,0.4036,-25.1441,0.0227,0.936,131.0,0.0,1.0,0.0,133.0,132.0,265.0
406,400,20,400,0.3239,-26.4033,0.0162,0.9315,0.2363,0.9934,0.0006,0.9997,0,1,0.3526,-22.5653,0.0222,0.9424,129.0,0.0,0.0,0.0,128.0,129.0,257.0
407,400,20,400,0.337,-23.8527,0.0168,0.9379,0.2363,0.9934,0.0006,0.9997,0,1,0.3631,-20.3039,0.0249,0.9475,97.0,0.0,0.0,0.0,97.0,97.0,194.0
408,400,20,400,0.2973,-21.4828,0.0149,0.9438,0.2029,0.9599,0.0005,0.9998,0,1,0.3236,-18.2894,0.0231,0.9528,95.0,0.0,1.0,0.0,98.0,96.0,194.0
409,400,20,400,0.2621,-19.2471,0.0131,0.9494,0.1998,0.9625,0.0005,0.9998,0,1,0.2854,-16.3597,0.0215,0.958,88.0,0.0,1.0,0.0,87.0,89.0,176.0
410,400,20,400,0.2515,-17.5035,0.0126,0.9537,0.1998,0.9625,0.0005,0.9998,0,1,0.2695,-14.8915,0.0231,0.9626,70.0,0.0,1.0,0.0,72.0,71.0,143.0
411,400,20,400,0.2331,-15.7973,0.0117,0.958,0.184,0.9391,0.0005,0.9998,0,1,0.2484,-13.4093,0.0231,0.967,66.0,0.0,0.0,0.0,65.0,66.0,131.0
412,400,20,400,0.2175,-14.3178,0.0109,0.9617,0.166,0.9492,0.0005,0.9998,0,1,0.2282,-12.1463,0.0233,0.9711,59.0,0.0,2.0,0.0,63.0,61.0,124.0
413,400,20,400,0.2078,-12.8468,0.0104,0.9654,0.166,0.9492,0.0005,0.9998,0,1,0.2195,-10.8593,0.0235,0.9751,61.0,0.0,0.0,0.0,59.0,61.0,120.0
414,400,20,400,0.2065,-11.5634,0.0103,0.9686,0.166,0.9492,0.0005,0.9998,0,1,0.2163,-9.7533,0.0246,0.979,52.0,0.0,0.0,0.0,52.0,52.0,104.0
415,400,20,400,0.1885,-10.3291,0.0094,0.9717,0.1672,0.9542,0.0005,0.9998,0,1,0.1995,-8.7185,0.0235,0.9829,49.0,0.0,0.0,0.0,50.0,49.0,99.0
416,400,20,400,0.1765,-9.4726,0.0088,0.9738,0.1672,0.9542,0.0005,0.9998,0,1,0.1889,-8.0235,0.0226,0.986,35.0,0.0,0.0,0.0,34.0,35.0,69.0
417,400,20,400,0.1479,-8.2366,0.0074,0.9769,0.1646,0.9548,0.0005,0.9998,0,1,0.1564,-6.9756,0.0207,0.9901,46.0,0.0,1.0,0.0,47.0,47.0,94.0
418,400,20,400,0.1325,-7.4655,0.0066,0.9788,0.1646,0.9548,0.0005,0.9998,0,1,0.139,-6.3044,0.0199,0.9927,31.0,0.0,0.0,0.0,31.0,31.0,62.0
419,400,20,400,0.1198,-6.6542,0.006,0.9809,0.1449,0.9315,0.0004,0.9999,0,1,0.1231,-5.5915,0.0191,0.9954,33.0,0.0,1.0,0.0,34.0,34.0,68.0
420,400,20,400,0.1181,-5.8036,0.0059,0.983,0.1443,0.9316,0.0004,0.9999,0,1,0.1228,-4.8304,0.0191,0.9982,35.0,0.0,1.0,0.0,36.0,36.0,72.0
421,400,20,400,0.1221,-5.1093,0.0061,0.9847,0.1443,0.9316,0.0003,0.9999,0,1,0.1279,-4.2171,0.02,0.9993,28.0,0.0,0.0,0.0,28.0,28.0,56.0
422,400,20,400,0.1008,-4.5325,0.005,0.9862,0.1443,0.9316,0.0003,0.9999,0,1,0.1039,-3.7231,0.0179,0.9972,22.0,0.0,0.0,0.0,22.0,22.0,44.0
423,400,20,400,0.1,-3.8449,0.005,0.9879,0.1388,0.9332,0.0003,0.9999,0,1,0.1057,-3.1426,0.0177,0.9944,27.0,0.0,1.0,0.0,28.0,28.0,56.0
424,400,20,400,0.1005,-3.4364,0.005,0.9889,0.1388,0.9332,0.0003,0.9999,0,1,0.107,-2.8002,0.0177,0.9927,20.0,0.0,0.0,0.0,20.0,20.0,40.0
425,400,20,400,0.0911,-2.9912,0.0046,0.99,0.1388,0.9332,0,1,0,1,0.0944,-2.4167,0.0174,0.9909,19.0,0.0,0.0,0.0,19.0,19.0,38.0
426,400,20,400,0.0907,-2.6724,0.0045,0.9908,0.1388,0.9332,0,1,0,1,0.0943,-2.1301,0.0173,0.9897,12.0,0.0,1.0,0.0,13.0,13.0,26.0
427,400,20,400,0.0778,-2.356,0.0039,0.9916,0.1388,0.9332,0,1,0,1,0.0819,-1.8558,0.0151,0.9884,12.0,0.0,0.0,0.0,12.0,12.0,24.0
428,400,20,400,0.0777,-2.0223,0.0039,0.9924,0.1388,0.9332,0,1,0,1,0.0807,-1.5642,0.0156,0.9871,13.0,0.0,0.0,0.0,13.0,13.0,26.0
429,400,20,400,0.0699,-1.7206,0.0035,0.9932,0.1388,0.9332,0,1,0,1,0.0704,-1.2849,0.0152,0.986,11.0,0.0,0.0,0.0,11.0,11.0,22.0
430,400,20,400,0.0638,-1.3916,0.0032,0.994,0.1388,0.9332,0,1,0,1,0.0642,-1.0064,0.0146,0.9845,13.0,0.0,0.0,0.0,13.0,13.0,26.0
431,400,20,400,0.0647,-1.2817,0.0032,0.9943,0.1388,0.9332,0,1,0,1,0.0662,-0.9138,0.0144,0.984,5.0,0.0,0.0,0.0,5.0,5.0,10.0
432,400,20,400,0.0585,-1.1361,0.0029,0.9947,0.1388,0.9332,0,1,0,1,0.059,-0.7933,0.0135,0.9833,6.0,0.0,0.0,0.0,6.0,6.0,12.0
433,400,20,400,0.054,-0.8984,0.0027,0.9953,0.1388,0.9332,0,1,0,1,0.0551,-0.5806,0.0126,0.9824,9.0,0.0,0.0,0.0,9.0,9.0,18.0
434,400,20,400,0.0444,-0.6777,0.0022,0.9958,0.1388,0.9332,0,1,0,1,0.0469,-0.4034,0.0101,0.9813,9.0,0.0,0.0,0.0,9.0,9.0,18.0
435,400,20,400,0.0473,-0.5611,0.0024,0.9961,0.1388,0.9332,0,1,0,1,0.0498,-0.2911,0.0107,0.9809,4.0,0.0,0.0,0.0,5.0,4.0,9.0
436,400,20,400,0.0424,-0.3879,0.0021,0.9965,0.1388,0.9332,0,1,0,1,0.0412,-0.1335,0.0106,0.9802,6.0,0.0,0.0,0.0,5.0,6.0,11.0
437,400,20,400,0.0422,-0.2601,0.0021,0.9968,0.1388,0.9332,0,1,0,1,0.041,-0.0243,0.0106,0.9796,5.0,0.0,0.0,0.0,5.0,5.0,10.0
438,400,20,400,0.0449,-0.1216,0.0022,0.9972,0.1388,0.9332,0,1,0,1,0.0436,0.0784,0.0112,0.9788,7.0,0.0,0.0,0.0,7.0,7.0,14.0
439,400,20,400,0.0371,-0.0163,0.0019,0.9975,0.1388,0.9332,0,1,0,1,0.0374,0.1554,0.0091,0.9782,5.0,0.0,0.0,0.0,5.0,5.0,10.0
440,400,20,400,0.0352,0.0389,0.0018,0.9976,0.1388,0.9332,0,1,0,1,0.0361,0.2021,0.0085,0.9779,2.0,0.0,0.0,0.0,2.0,2.0,4.0
441,400,20,400,0.032,0.1477,0.0016,0.9979,0.1388,0.9332,0,1,0,1,0.0323,0.2894,0.008,0.9773,4.0,0.0,0.0,0.0,4.0,4.0,8.0
442,400,20,400,0.0309,0.1797,0.0015,0.9979,0.1388,0.9332,0,1,0,1,0.0319,0.3075,0.0075,0.9771,2.0,0.0,0.0,0.0,2.0,2.0,4.0
443,400,20,400,0.0309,0.1797,0.0015,0.9979,0.1388,0.9332,0,1,0,1,0.0319,0.3075,0.0075,0.9771,0.0,0.0,0.0,0.0,0.0,0.0,0.0
444,400,20,400,0.0315,0.3271,0.0016,0.9983,0.1388,0.9332,0,1,0,1,0.0324,0.4329,0.0076,0.9764,5.0,0.0,1.0,0.0,6.0,6.0,12.0
445,400,20,400,0.0283,0.4252,0.0014,0.9986,0.1388,0.9332,0,1,0,1,0.0282,0.5219,0.0071,0.976,4.0,0.0,1.0,0.0,5.0,5.0,10.0
446,400,20,400,0.0266,0.5437,0.0013,0.9989,0.1388,0.9332,0,1,0,1,0.0272,0.6107,0.0064,0.9753,5.0,0.0,1.0,0.0,6.0,6.0,12.0
447,400,20,400,0.0253,0.6099,0.0013,0.999,0.1388,0.9332,0,1,0,1,0.0261,0.6632,0.006,0.9749,3.0,0.0,0.0,0.0,4.0,3.0,7.0
448,400,20,400,0.0233,0.677,0.0012,0.9992,0.1388,0.9332,0,1,0,1,0.0241,0.7266,0.0056,0.9746,3.0,0.0,0.0,0.0,2.0,3.0,5.0
449,400,20,400,0.0236,0.6995,0.0012,0.9992,0.1388,0.9332,0,1,0,1,0.0242,0.75,0.0057,0.9746,1.0,0.0,0.0,0.0,1.0,1.0,2.0
450,400,20,400,0.0221,0.7606,0.0011,0.9994,0.1388,0.9332,0,1,0,1,0.0221,0.8077,0.0055,0.9743,2.0,0.0,0.0,0.0,2.0,2.0,4.0
451,400,20,400,0.0221,0.7606,0.0011,0.9994,0.1388,0.9332,0,1,0,1,0.0221,0.8077,0.0055,0.9743,0.0,0.0,0.0,0.0,0.0,0.0,0.0
452,400,20,400,0.0221,0.7606,0.0011,0.9994,0.1388,0.9332,0,1,0,1,0.0221,0.8077,0.0055,0.9743,0.0,0.0,0.0,0.0,0.0,0.0,0.0
453,400,20,400,0.0156,0.8329,0.0008,0.9996,0.1388,0.9332,0,1,0,1,0.015,0.8678,0.0041,0.974,3.0,0.0,0.0,0.0,3.0,3.0,6.0
454,400,20,400,0.0156,0.8329,0.0008,0.9996,0.1388,0.9332,0,1,0,1,0.015,0.8678,0.0041,0.974,0.0,0.0,0.0,0.0,0.0,0.0,0.0
455,400,20,400,0.0148,0.8599,0.0007,0.9996,0.1388,0.9332,0,1,0,1,0.0143,0.8892,0.0039,0.9738,1.0,0.0,0.0,0.0,1.0,1.0,2.0
456,400,20,400,0.0148,0.8599,0.0007,0.9996,0.1388,0.9332,0,1,0,1,0.0143,0.8892,0.0039,0.9738,0.0,0.0,0.0,0.0,0.0,0.0,0.0
457,400,20,400,0.0148,0.8599,0.0007,0.9996,0.1388,0.9332,0,1,0,1,0.0143,0.8892,0.0039,0.9738,0.0,0.0,0.0,0.0,0.0,0.0,0.0
458,400,20,400,0.0113,0.8987,0.0006,0.9997,0.1388,0.9332,0,1,0,1,0.0115,0.9175,0.0028,0.9736,2.0,0.0,0.0,0.0,2.0,2.0,4.0
459,400,20,400,0.0092,0.9278,0.0005,0.9998,0.1388,0.9332,0,1,0,1,0.009,0.9428,0.0024,0.9734,1.0,0.0,0.0,0.0,1.0,1.0,2.0
460,400,20,400,0.0092,0.9278,0.0005,0.9998,0.1388,0.9332,0,1,0,1,0.009,0.9428,0.0024,0.9734,0.0,0.0,0.0,0.0,0.0,0.0,0.0
461,400,20,400,0.0092,0.9278,0.0005,0.9998,0.1388,0.9332,0,1,0,1,0.009,0.9428,0.0024,0.9734,0.0,0.0,0.0,0.0,0.0,0.0,0.0
462,400,20,400,0.0092,0.9278,0.0005,0.9998,0.1388,0.9332,0,1,0,1,0.009,0.9428,0.0024,0.9734,0.0,0.0,0.0,0.0,0.0,0.0,0.0
463,400,20,400,0.0092,0.9278,0.0005,0.9998,0.1388,0.9332,0,1,0,1,0.009,0.9428,0.0024,0.9734,0.0,0.0,0.0,0.0,0.0,0.0,0.0
464,400,20,400,0.0092,0.9278,0.0005,0.9998,0.1388,0.9332,0,1,0,1,0.009,0.9428,0.0024,0.9734,0.0,0.0,0.0,0.0,0.0,0.0,0.0
465,400,20,400,0.0092,0.9278,0.0005,0.9998,0.1388,0.9332,0,1,0,1,0.009,0.9428,0.0024,0.9734,0.0,0.0,0.0,0.0,0.0,0.0,0.0
466,400,20,400,0.0092,0.9278,0.0005,0.9998,0.1388,0.9332,0,1,0,1,0.009,0.9428,0.0024,0.9734,0.0,0.0,0.0,0.0,0.0,0.0,0.0
467,400,20,400,0.0092,0.9278,0.0005,0.9998,0.1388,0.9332,0,1,0,1,0.009,0.9428,0.0024,0.9734,0.0,0.0,0.0,0.0,0.0,0.0,0.0
468,400,20,400,0.0067,0.9657,0.0003,0.9999,0.1388,0.9332,0,1,0,1,0.0062,0.9739,0.0018,0.9732,2.0,0.0,0.0,0.0,2.0,2.0,4.0
469,400,20,400,0.0067,0.9657,0.0003,0.9999,0.1388,0.9332,0,1,0,1,0.0062,0.9739,0.0018,0.9732,0.0,0.0,0.0,0.0,0.0,0.0,0.0
470,400,20,400,0.0067,0.9657,0.0003,0.9999,0.1388,0.9332,0,1,0,1,0.0062,0.9739,0.0018,0.9732,0.0,0.0,0.0,0.0,0.0,0.0,0.0
471,400,20,400,0.0067,0.9657,0.0003,0.9999,0.1388,0.9332,0,1,0,1,0.0062,0.9739,0.0018,0.9732,0.0,0.0,0.0,0.0,0.0,0.0,0.0
472,400,20,400,0.006,0.9774,0.0003,0.9999,0.1388,0.9332,0,1,0,1,0.0057,0.9824,0.0016,0.9732,1.0,0.0,0.0,0.0,1.0,1.0,2.0
473,400,20,400,0.006,0.9774,0.0003,0.9999,0.1388,0.9332,0,1,0,1,0.0057,0.9824,0.0016,0.9732,0.0,0.0,0.0,0.0,0.0,0.0,0.0
474,400,20,400,0.006,0.9774,0.0003,0.9999,0.1388,0.9332,0,1,0,1,0.0057,0.9824,0.0016,0.9732,0.0,0.0,0.0,0.0,0.0,0.0,0.0
475,400,20,400,0.006,0.9774,0.0003,0.9999,0.1388,0.9332,0,1,0,1,0.0057,0.9824,0.0016,0.9732,0.0,0.0,0.0,0.0,0.0,0.0,0.0
476,400,20,400,0.006,0.9774,0.0003,0.9999,0.1388,0.9332,0,1,0,1,0.0057,0.9824,0.0016,0.9732,0.0,0.0,0.0,0.0,0.0,0.0,0.0
477,400,20,400,0.006,0.9774,0.0003,0.9999,0.1388,0.9332,0,1,0,1,0.0057,0.9824,0.0016,0.9732,0.0,0.0,0.0,0.0,0.0,0.0,0.0
478,400,20,400,0.006,0.9774,0.0003,0.9999,0.1388,0.9332,0,1,0,1,0.0057,0.9824,0.0016,0.9732,0.0,0.0,0.0,0.0,0.0,0.0,0.0
479,400,20,400,0.006,0.9774,0.0003,0.9999,0.1388,0.9332,0,1,0,1,0.0057,0.9824,0.0016,0.9732,0.0,0.0,0.0,0.0,0.0,0.0,0.0
480,400,20,400,0.006,0.9774,0.0003,0.9999,0.1388,0.9332,0,1,0,1,0.0057,0.9824,0.0016,0.9732,0.0,0.0,0.0,0.0,0.0,0.0,0.0
481,400,20,400,0.006,0.9774,0.0003,0.9999,0.1388,0.9332,0,1,0,1,0.0057,0.9824,0.0016,0.9732,0.0,0.0,0.0,0.0,0.0,0.0,0.0
482,400,20,400,0,1,0,1,0.1388,0.9332,0,1,0,1,0,1,0,0.973,1.0,0.0,0.0,0.0,1.0,1.0,2.0
483,400,20,400,0,1,0,1,0.1388,0.9332,0,1,0,1,0,1,0,0.973,0.0,0.0,0.0,0.0,0.0,0.0,0.0
484,400,20,400,0,1,0,1,0.1388,0.9332,0,1,0,1,0,1,0,0.973,0.0,0.0,0.0,0.0,0.0,0.0,0.0
485,400,20,400,0,1,0,1,0.1388,0.9332,0,1,0,1,0,1,0,0.973,0.0,0.0,0.0,0.0,0.0,0.0,0.0
486,400,20,400,0,1,0,1,0.1388,0.9332,0,1,0,1,0,1,0,0.973,0.0,0.0,0.0,0.0,0.0,0.0,0.0
487,400,20,400,0,1,0,1,0.1388,0.9332,0,1,0,1,0,1,0,0.973,0.0,0.0,0.0,0.0,0.0,0.0,0.0
488,400,20,400,0,1,0,1,0.1388,0.9332,0,1,0,1,0,1,0,0.973,0.0,0.0,0.0,0.0,0.0,0.0,0.0
489,400,20,400,0,1,0,1,0.1388,0.9332,0,1,0,1,0,1,0,0.973,0.0,0.0,0.0,0.0,0.0,0.0,0.0
490,400,20,400,0,1,0,1,0.1388,0.9332,0,1,0,1,0,1,0,0.973,0.0,0.0,0.0,0.0,0.0,0.0,0.0
491,400,20,400,0,1,0,1,0.1388,0.9332,0,1,0,1,0,1,0,0.973,0.0,0.0,0.0,0.0,0.0,0.0,0.0
492,400,20,400,0,1,0,1,0.1388,0.9332,0,1,0,1,0,1,0,0.973,0.0,0.0,0.0,0.0,0.0,0.0,0.0
493,400,20,400,0,1,0,1,0.1388,0.9332,0,1,0,1,0,1,0,0.973,0.0,0.0,0.0,0.0,0.0,0.0,0.0
494,400,20,400,0,1,0,1,0.1388,0.9332,0,1,0,1,0,1,0,0.973,0.0,0.0,0.0,0.0,0.0,0.0,0.0
495,400,20,400,0,1,0,1,0.1388,0.9332,0,1,0,1,0,1,0,0.973,0.0,0.0,0.0,0.0,0.0,0.0,0.0
496,400,20,400,0,1,0,1,0.1388,0.9332,0,1,0,1,0,1,0,0.973,0.0,0.0,0.0,0.0,0.0,0.0,0.0
497,400,20,400,0,1,0,1,0.1388,0.9332,0,1,0,1,0,1,0,0.973,0.0,0.0,0.0,0.0,0.0,0.0,0.0
498,400,0,400,-,-,-,-,-,-,-,-,-,-,-,-,-,-,0.0,0.0,0.0,0.0,0.0,0.0,0.0
499,400,0,400,-,-,-,-,-,-,-,-,-,-,-,-,-,-,0.0,0.0,0.0,0.0,0.0,0.0,0.0
